1 5.584073 -1.509883 0.688908
2 -1.753196 7.530804 1.291740
3 -5.630484 -6.250818 1.182494
4 3.998995 0.209014 0.580696
6 0.400974 -1.568271 1.167785
7 2.262539 -2.137142 0.747260
8 1.172232 2.177771 0.815823
10 -1.899862 -5.764948 1.510032
11 -3.467851 -4.322384 0.227249
12 0.177101 -5.745305 0.954186
13 -8.926556 -5.245883 0.156079
15 1.017763 -0.268962 0.699877
16 2.418553 2.763139 0.649120
17 6.653126 -6.947355 0.433437
18 2.296475 0.273394 1.452022
19 -1.623677 -8.672498 0.508712
20 -7.256281 -2.097856 0.539114
21 3.653795 -0.112630 0.041737
22 1.265455 2.144767 0.445424
24 0.568095 -3.419354 1.682604
25 -0.443843 -3.490575 1.330671
26 -6.137053 -5.893498 0.380321
27 1.740128 -4.320521 1.351924
28 -3.493801 1.799070 0.520825
29 -4.133404 -2.890136 0.672884
31 -3.119360 1.898171 0.618969
32 0.201965 1.644426 0.403564
33 -6.879273 -6.397481 1.177920
34 -13.409931 -4.475139 1.719994
35 -5.175752 -1.723024 0.588341
36 4.341478 -4.234422 0.547347
37 1.608008 1.935049 0.040027
38 1.510851 2.158522 0.119493
39 2.561763 -3.122286 1.493561
40 0.552936 2.438610 0.734510
43 3.071771 0.232783 0.844143
44 -1.921134 -4.321616 0.349016
45 2.083576 1.323323 0.638468
46 4.792993 -2.542932 0.118086
47 6.829567 -3.802856 0.620989
48 6.918651 -4.515113 0.244569
49 0.940452 -4.590058 1.876396
50 3.767840 1.135230 0.789608
51 4.182560 0.485997 0.243857
52 -7.451000 -5.703614 0.976942
54 1.986163 2.363185 0.339705
55 4.588975 -3.314287 1.048857
56 7.147165 -7.116788 1.148218
57 4.295468 -4.904798 0.844503
58 2.246751 -0.642258 0.762278
59 -2.802741 2.036091 0.051364
60 4.093216 -2.320375 0.459735
61 -5.554414 -0.358780 1.399658
62 2.892242 2.482396 0.839269
63 5.689119 -6.938348 0.798154
64 -0.787864 1.943379 0.338070
65 2.566076 0.384966 0.455899
66 -1.637305 -8.636635 0.491271
67 0.208359 -5.762534 1.616101
69 0.169221 1.749233 0.005726
70 4.581819 -5.524655 0.572946
71 -4.662778 0.064769 0.856991
72 3.059631 1.234098 0.426921
73 -1.419835 -1.563205 0.647296
74 -3.775318 1.296028 1.114757
75 -3.802236 -6.332915 0.791351
76 3.773534 1.086533 0.287410
77 -3.811880 8.744269 2.162981
78 1.706961 2.421264 0.073422
79 0.177925 -0.617701 0.675301
80 3.685878 0.629378 0.242598
81 -3.356460 -1.668564 0.144625
82 -1.830482 -5.486366 1.039913
83 3.558158 1.172583 0.600577
85 3.713260 -2.327445 1.263623
86 7.073709 -6.465636 0.624871
88 4.710618 0.087318 0.057497
89 -2.223243 1.695214 0.041333
90 2.096398 2.517341 0.068436
91 -4.825544 -1.997412 0.864265
92 6.160513 -4.252633 0.219466
93 -1.027917 -0.152723 0.729221
94 -3.092312 1.838529 0.584009
95 6.118826 -1.178039 0.486565
97 2.187205 -1.385872 -0.171506
99 -4.150597 -7.601462 0.420461
100 6.227190 -2.622022 1.348297
101 -7.411974 4.896301 1.596100
102 -2.727491 2.702047 0.648980
103 1.043060 -6.881247 1.599672
104 0.473594 2.853572 0.161634
105 -13.287343 -10.732223 1.367813
106 -3.893362 1.672345 0.644086
107 2.100897 2.701950 0.046798
108 2.511634 -8.456215 1.099296
110 0.166705 0.448079 0.212245
111 1.267205 1.035679 1.066479
112 -0.788612 1.256628 0.120363
113 5.883120 -0.964243 0.028624
114 1.799431 1.468236 0.337972
115 -8.965785 -2.610103 2.569520
116 3.648292 0.676869 0.889589
117 1.336225 -3.084108 0.200952
118 -4.002313 -8.018310 0.320384
119 3.105812 -5.235052 0.971099
120 1.947706 -1.628795 0.519664
121 3.598301 1.147250 0.695005
122 -1.995401 -7.132659 1.205982
123 -4.575357 -7.144609 0.545395
124 0.397796 -0.323922 2.051087
127 -4.575231 -6.568978 0.430063
129 -2.056441 -7.024231 1.375985
130 -3.211273 -3.001002 1.367655
131 2.412567 3.165910 0.667819
132 -5.444888 -1.177882 1.378984
133 1.463551 1.422101 0.529537
135 2.758318 2.059603 0.693429
136 2.327826 1.122484 0.127796
137 2.178017 0.608136 0.105592
138 4.449170 -7.489558 0.737405
139 2.043463 -3.592406 0.152919
140 -4.038524 -6.187152 1.168560
141 3.262704 1.761973 0.552282
142 5.075753 -7.100654 1.523659
144 0.074375 -8.652337 1.539242
147 -1.243654 -2.781803 1.639762
148 -12.542624 -9.981946 1.795126
149 1.648858 1.685575 1.132013
152 7.519874 -6.606556 0.859228
153 4.576968 -4.821139 1.732575
155 -1.722903 -8.113608 0.675396
156 -3.308363 -4.231473 0.173065
157 0.513311 1.733844 0.691660
158 2.179308 2.953680 0.025473
159 1.970745 2.132161 0.828893
160 0.930435 1.140142 0.521260
161 -4.085180 6.071741 1.196172
162 2.709515 2.424812 0.702316
163 5.385776 -0.220419 0.542018
164 -1.350273 -7.890716 1.711891
165 6.780157 -7.007223 0.025864
166 0.609059 0.891838 0.825635
167 -1.640192 0.835886 0.642703
168 -5.389616 -5.390078 0.566705
169 -11.068454 -12.188798 0.416467
170 1.940682 0.944875 0.512851
171 3.230545 1.691710 0.033089
174 -3.581880 12.005186 2.618909
175 4.931745 -2.280846 0.842482
176 -0.304794 1.356653 1.143028
177 0.343506 1.444570 0.483129
178 6.081055 -1.489470 0.578227
180 2.284471 0.332377 0.396089
181 1.337616 9.582705 1.839482
182 -4.223550 6.035990 1.278641
183 3.233584 -6.386624 0.173684
184 -4.104403 -6.301701 1.076599
185 0.803153 -0.900707 0.659856
186 5.242532 -0.465198 0.977504
187 -1.101629 1.925438 1.061602
188 1.842310 -7.268652 1.750162
189 6.889174 -4.743735 0.989274
190 -4.683634 7.622854 0.440152
191 1.069541 12.580881 0.327008
192 2.505324 12.987686 0.801617
194 -5.442573 5.792892 0.720975
195 5.992151 -3.691658 1.493537
196 -3.120593 -3.602191 1.529667
197 6.209024 -3.816976 0.867225
198 -3.508372 -3.345963 0.898246
199 2.637025 -1.326555 0.062914
200 -18.649931 -3.985145 2.428839
201 0.391800 -0.487653 1.291430
203 2.507338 0.350183 1.165352
204 -4.688689 -7.112508 0.262130
205 5.756816 -6.703580 0.310382
206 -4.115262 16.789351 2.024652
207 4.532198 -1.316716 1.445444
208 6.241738 -3.060328 0.046564
209 -5.546139 5.813978 0.965732
210 -2.599950 2.600519 0.061440
213 7.209801 -3.328353 0.276004
214 5.563631 -0.536719 0.447294
216 7.287966 -3.157384 0.935858
217 -0.660962 -0.081349 0.884937
218 5.628599 -1.781721 1.269534
219 -4.403130 -0.841290 0.123574
220 9.925067 -11.811893 -0.087842
221 1.231209 -7.226007 0.996829
222 7.076033 -4.134677 0.002550
223 2.811330 -0.482076 -0.005144
224 -5.123769 -6.658383 1.290982
225 5.820964 -2.733044 0.781301
226 6.404335 -7.312086 0.881723
227 -0.273819 2.631434 0.682819
228 -2.636954 -6.027662 0.174200
230 -2.500094 9.578655 1.455050
232 -10.539545 -5.131454 0.446523
233 2.511312 -0.384033 -0.002280
234 -1.021482 1.707159 0.072322
235 -0.318247 -4.526581 1.854810
236 -5.589284 -0.975720 0.173157
237 0.368534 -7.470707 0.908177
238 6.205603 -2.978772 0.657528
240 2.222941 -20.640530 -2.788858
241 0.743644 1.980110 0.872445
243 -0.156708 -3.506111 2.001946
245 3.808387 0.762517 0.274032
246 -0.558322 0.315938 0.846894
247 4.231126 -7.330004 0.507627
248 -3.980849 -5.744994 0.675421
251 -9.741074 -6.853086 0.003764
252 -0.621409 1.255599 0.123479
253 5.352712 -5.038641 1.017798
254 -2.849100 -8.116281 0.328225
256 5.107789 -0.287811 0.141934
257 4.027613 -6.297699 0.446982
258 6.349467 -5.905387 0.130821
259 -6.556040 -6.853782 0.080071
260 3.775571 -1.225556 0.561750
262 4.962318 -5.311556 0.791373
263 -0.532229 -0.101444 1.168896
264 -5.422621 -5.040958 0.624339
266 7.152411 -6.271352 0.229574
267 -9.151836 -0.900740 1.263037
271 4.307718 -0.373304 0.038360
274 5.396140 -5.970322 1.605504
276 -2.560877 10.756413 2.713367
277 4.011914 0.732992 0.003428
278 -0.074924 -2.400279 1.647140
279 -3.504734 -7.686570 0.867094
280 6.249381 -1.100941 0.510921
281 2.701167 0.137274 0.092819
282 -5.247008 3.401145 0.282991
285 -9.849046 -4.116859 1.242047
286 -2.217128 3.081816 0.877247
287 3.248706 -1.635422 1.109429
288 5.410590 -8.034985 1.041293
289 -3.295526 -7.090404 0.832321
290 6.371035 -1.587593 0.742255
291 3.525109 -0.404200 0.757267
292 -4.717507 -6.315074 0.514902
293 -2.424078 -4.549422 0.514987
295 -2.296635 -6.011737 1.097920
296 -5.734817 -0.468010 0.807963
297 1.860762 -0.514018 1.506306
298 1.628755 -2.202945 -0.413499
300 2.659631 -6.227559 1.000442
301 3.102824 -0.897376 -0.125366
302 0.827083 -0.108542 0.528808
303 -4.200275 0.636037 0.774460
304 -0.051811 1.449647 0.402874
305 1.539395 2.375346 0.956501
306 7.337304 -4.033401 0.831416
307 -3.870309 -3.509933 1.045930
308 -2.904534 2.233696 0.181401
309 -4.393661 -3.330834 0.726620
310 -2.212182 -2.523045 0.682583
311 2.126023 3.098989 0.703342
314 2.476913 -0.272330 1.587567
315 6.406262 -7.407498 1.075188
316 2.374210 1.775141 0.274308
317 3.944468 -1.021776 1.032410
318 6.703116 -2.036713 0.034075
319 -1.317221 -8.132602 1.671251
320 2.551719 -0.428729 1.016322
321 1.280296 1.880802 0.052862
322 -4.471102 5.476598 1.654238
323 -2.548118 2.787425 0.716376
324 0.589772 -6.090466 0.924707
325 0.881356 12.233632 1.685851
326 3.214617 1.092680 0.306651
327 -0.682892 -4.576115 1.372859
328 3.193586 -2.681643 0.550215
330 7.403105 -3.781915 0.907935
331 -5.936742 -3.125294 0.175280
332 -2.836113 0.017300 0.370028
333 -5.744332 5.803618 0.769204
335 -1.440285 -1.372881 0.675102
337 5.224604 -7.620864 0.149950
340 -3.892566 -5.042220 1.252936
341 4.219351 0.737310 0.745730
342 4.525167 0.177158 0.135019
344 2.720165 1.993514 0.133425
345 -4.065965 5.527066 0.155976
346 -1.997910 -7.299884 0.888691
347 -0.847624 2.249610 0.684348
348 6.427080 -4.322971 0.652971
349 5.520284 -0.691463 0.326583
351 -2.694753 -2.328628 1.372475
352 -5.052468 -6.306749 1.381581
353 -0.820883 0.320036 0.530910
354 2.926488 0.812780 0.604321
355 6.790145 -3.294799 0.039146
356 -4.085735 -7.643119 0.308014
357 -2.890965 -6.266797 0.974941
358 2.847819 0.548413 0.012430
359 -5.360884 -2.233465 1.301410
360 -0.000398 -2.474003 2.135348
365 0.327848 -0.824788 0.635600
366 6.978893 -6.119180 0.779151
368 1.432016 1.253892 1.548560
369 7.463653 -4.945419 0.000232
370 -2.900426 -3.459795 0.137316
372 -13.113644 -10.530507 1.779086
373 6.112298 -1.629861 0.213886
374 5.508206 -3.025612 0.045935
375 3.892472 -5.729283 0.894204
376 -7.566701 -1.639214 1.073147
378 -3.568246 12.522842 0.465765
379 -4.874462 -6.968362 0.974998
380 2.462550 0.421951 0.103433
381 -4.470542 4.442999 0.304010
382 -4.326529 -7.671124 0.686840
383 0.803198 -3.351093 0.839524
384 2.452297 -1.103489 -0.148070
385 -18.348034 -5.289234 0.971127
386 -10.303933 -6.991188 1.995243
388 -0.106270 1.254647 0.835072
389 -6.027407 -0.380109 0.830104
390 -6.143514 -2.218826 1.079591
391 3.804689 0.749697 0.047145
394 -1.066410 9.718464 0.612380
395 6.397146 -4.391588 0.973130
396 2.716990 -1.071029 -0.018590
397 3.325962 1.329214 0.891192
398 -4.001319 -0.050322 0.947969
399 1.843149 -0.451012 0.253349
400 -5.192678 3.553213 0.182709
401 -12.524243 -1.962927 0.927873
402 4.059160 0.543165 0.151067
403 -0.584238 2.731477 0.146348
404 5.050209 -1.228526 0.236274
405 -4.451765 8.214074 2.025290
406 -1.030948 2.353367 0.731028
407 -4.387726 5.568498 1.058785
408 4.752887 0.096059 0.115821
410 -2.782423 -4.160669 0.850274
411 -33.583258 12.585775 8.859941
412 2.350733 3.400019 0.107207
414 -4.082327 -5.077414 0.376552
415 4.037193 -7.684783 1.682671
416 -3.821365 -5.520199 1.138712
417 -5.987628 -5.587637 0.106095
418 6.778599 -2.776268 0.568910
419 4.814080 0.040912 0.090165
420 -11.641853 -11.555676 2.004364
421 -8.996337 -5.476887 1.141867
422 6.755532 -3.265856 0.424518
423 -2.001865 -4.453529 0.758020
426 0.476295 -0.526531 0.000994
427 6.580335 3.525893 0.759395
428 5.514534 -0.318391 0.593711
429 -3.340036 1.538769 0.958369
430 3.276827 -5.999275 0.959682
432 -4.977877 -6.700154 0.518685
433 -7.993178 -6.062637 0.541729
434 -8.206192 -5.140151 1.458207
435 -5.638431 -5.360607 0.964529
436 -2.606585 13.518815 0.614800
438 5.938923 -8.090997 0.283909
439 -2.028415 14.363851 2.198897
440 1.625643 -17.578933 -1.984216
441 1.821097 10.199334 2.201200
442 -3.961937 1.463793 0.728067
443 5.613753 -1.522575 0.060438
444 -11.773596 -10.655765 2.724357
445 4.239356 -5.436626 1.357024
446 2.327200 -0.735208 -0.160608
447 4.081331 -4.431193 1.567513
448 2.932937 -0.113116 0.022187
449 2.548200 -0.008628 0.339950
450 2.404257 2.931291 0.790066
451 0.498953 2.966605 0.511098
452 7.180514 -4.295590 1.176778
453 3.768115 -4.966507 1.199128
454 -5.130274 6.649565 0.107604
455 1.239499 2.188382 0.912382
456 -3.600131 -5.473205 0.667138
457 4.335259 0.467125 0.565119
459 0.086894 8.404089 1.088561
460 -2.791646 -5.393305 0.505360
461 -4.252909 0.610628 0.645895
463 -11.690480 -9.894895 1.527206
464 2.701645 -1.707721 1.827087
465 -1.092766 8.744111 0.152495
466 -4.150991 -6.071208 0.364803
467 -2.572725 -8.395221 0.913584
468 -6.999342 0.059153 0.471376
469 3.735858 -4.943365 1.383692
470 2.061645 -0.476355 1.238142
471 0.074270 -2.622174 0.044008
472 -3.017137 -8.297256 0.832634
473 -0.986195 -0.761014 0.872515
475 -5.820892 -1.497371 0.238578
476 0.203350 -2.274037 0.311353
477 -14.189025 -2.570059 2.525929
478 -3.427137 8.372062 2.107709
479 -4.230458 7.291455 0.990548
480 -3.989683 -5.688301 0.704196
481 -5.329690 4.743927 0.358502
482 4.989534 -5.913790 0.330749
483 5.096405 -5.264595 0.515956
484 -7.426855 -5.554818 0.747026
485 2.226780 -4.923659 1.003229
487 -4.232583 1.338122 0.350569
488 2.323799 3.086872 0.638827
489 -7.221235 0.875940 1.877081
492 0.070021 1.301626 0.662315
493 0.151116 -3.169933 1.743845
494 0.096288 -7.107797 0.267652
495 -3.135438 1.369087 0.898481
496 0.228710 2.006158 1.206361
497 -3.982852 1.735702 0.089726
498 -2.438780 -4.179935 0.759358
499 5.663397 -5.963590 0.605092
500 -0.799768 2.108227 0.379373
501 5.897569 -7.200317 0.683535
502 -6.416829 -2.579929 1.511843
504 -2.619093 -0.596977 0.726902
506 -1.063176 10.011559 1.426123
507 0.434618 1.881782 0.473676
508 -12.684125 -6.116393 2.044715
509 0.664198 -3.181887 1.506095
510 5.235556 -3.570600 0.614153
511 7.230896 -5.662241 0.570280
512 -4.480116 -5.544180 1.363207
513 4.569595 0.375803 0.732553
515 -1.453742 0.514635 0.939378
517 2.233971 2.922971 0.236588
518 2.028524 3.186951 0.509459
519 5.853183 -2.538789 1.035494
520 1.521129 0.213679 1.555946
521 -2.800707 8.852575 2.048042
522 3.061989 1.851059 0.389407
523 -4.210289 -5.752368 1.110668
524 -11.234071 -1.729118 2.741120
525 -2.974596 2.109327 0.156352
526 0.618646 -7.739209 0.048098
527 2.806624 -1.092099 -0.247622
528 -3.553502 1.487697 0.050076
529 -4.854477 -6.326047 1.470658
530 -0.123010 -1.828039 1.031289
532 6.995815 -4.521599 0.525389
533 2.633070 -1.740829 0.898326
534 4.369256 -0.551646 0.956122
535 -5.973672 6.827503 0.907987
538 7.134402 -4.023848 0.648509
539 -22.634264 -4.163561 0.600042
540 -2.033841 2.259057 0.894027
541 4.717448 -6.358967 1.214643
542 -1.051108 0.584611 0.127929
544 -3.696185 -0.779316 0.445977
545 -0.977596 2.243059 0.266006
546 -5.295645 -2.553193 0.886765
547 -1.954093 -5.813424 0.906075
548 -1.929753 -7.517738 1.303465
549 6.176677 -6.087336 1.133446
550 2.477713 0.294284 0.004662
551 5.621838 -0.663718 0.176324
552 -4.216248 -6.429065 0.204679
553 -4.427245 0.259060 1.254836
554 -8.483186 -2.046349 1.308411
556 -2.977748 -0.347992 0.146723
557 4.457840 -0.218077 0.098196
560 -3.612509 -1.955560 0.618559
561 0.984229 -4.724637 0.853342
562 -4.796679 7.118848 0.417388
563 6.851062 -6.878322 1.374463
564 -4.409022 1.031222 0.582068
565 4.643841 0.305117 0.289140
566 1.255782 -5.160872 0.028332
567 2.592772 -6.040212 0.057763
568 7.108013 -6.324537 0.663812
569 0.019812 -0.966270 0.595880
570 1.356651 10.536822 1.139366
571 -4.433833 -4.597214 0.153429
572 4.775948 -2.818531 1.571146
574 2.118545 -0.005266 1.128737
575 -5.460004 -3.245599 1.103646
576 -4.424486 -4.981506 1.004596
577 -11.057121 -7.821341 1.262280
578 -3.128810 -1.067585 0.171771
579 0.485607 1.954669 0.449078
580 2.407148 -0.130176 -0.012843
582 2.660219 1.850126 0.004527
583 5.509912 -0.663208 0.580359
585 2.272923 -7.237313 0.649564
586 -4.122260 15.957217 1.371242
587 2.583602 0.260266 0.046935
588 -4.344166 1.005590 0.863883
589 3.749590 -0.247047 0.089917
590 -7.183807 0.486341 1.272743
591 3.081094 -0.927762 -0.137862
592 1.090903 1.870833 0.554066
594 -6.009106 -6.573535 1.212172
595 -11.510350 -10.573064 1.599097
596 -10.945087 -3.354942 0.061681
597 -0.415756 1.898092 0.371990
598 -0.072533 -3.687499 1.649149
600 0.138199 1.921058 0.281255
601 -4.417137 -2.264880 0.680070
603 1.794160 -7.357355 1.358614
604 2.181558 2.257179 0.658934
605 6.756942 -2.030770 0.085504
606 4.167210 0.576018 0.151904
607 -6.713881 -9.263471 0.158645
608 -1.522547 0.157310 0.043534
609 5.981245 -1.056978 0.291093
610 -10.543024 -2.620396 0.814944
611 -1.263816 0.496335 1.530417
612 -15.557831 -3.887512 2.337241
613 6.392041 -1.425226 0.592568
614 -3.376492 1.904383 0.950986
615 -5.530164 5.492618 1.149784
616 1.011043 -8.102516 1.304499
617 -5.063901 6.634145 0.359225
618 0.245918 0.564782 1.555828
619 7.265964 -6.495367 1.233302
620 5.532774 -0.559222 0.625825
621 3.488793 -5.884096 1.811407
622 5.915395 -0.703189 0.516291
623 0.050708 2.272029 1.040549
624 -3.988629 -0.119369 1.082569
625 5.923687 -0.877508 0.198551
627 -4.300288 -5.542249 1.353941
628 1.834532 2.585708 0.700924
629 2.024037 3.218775 0.253279
630 3.492931 -1.714944 1.087104
631 3.614802 0.849591 0.123294
632 -2.710034 1.544410 0.117370
633 5.032558 -0.273883 0.023909
635 -6.046226 -5.457655 1.090677
636 -4.146689 -4.440565 0.012925
638 7.026519 -4.644785 1.236822
639 1.135522 -5.469230 0.769971
640 2.275432 -3.342729 0.382750
641 1.458622 -18.957201 -1.154699
643 -3.024622 -4.130103 1.697049
645 -0.253533 1.228805 1.180915
647 4.056293 -0.390811 0.187506
649 -4.362017 -2.692116 0.388912
651 -4.516334 0.238045 0.271688
652 1.255708 -4.406484 1.643755
653 -11.000167 -12.200724 0.083779
655 -6.206343 1.470243 0.026458
656 1.831927 1.440709 0.203362
658 -3.827753 -4.854238 0.437359
659 1.586357 1.706176 0.193082
660 0.903154 -8.062503 0.659199
662 0.392170 0.025153 1.370829
663 -3.038299 2.033569 0.335885
664 19.847549 -22.238340 -1.507761
665 2.583476 -2.353546 0.578739
666 1.918917 -5.884969 0.633566
668 1.718899 0.559190 0.811902
669 3.888811 0.966424 0.555173
670 0.285710 2.117391 0.027103
672 7.421220 -6.301009 1.066323
674 4.682735 -6.157221 0.045032
675 -3.623023 8.743465 0.192871
677 -1.899261 -5.245210 0.124937
678 -7.827249 6.849159 0.426313
679 0.107382 8.393800 1.890128
680 -3.751256 -2.330918 0.516098
681 -6.060638 -0.822470 0.239721
682 3.667749 -0.582600 0.502274
684 -3.943980 1.919195 0.957639
686 6.743183 -7.164334 0.852981
687 -2.489840 -7.448506 1.006811
689 -2.842804 -7.737083 0.049860
690 -2.981192 1.457461 1.298875
692 -0.884926 0.050817 0.827441
693 6.451238 -5.764229 1.090928
694 -7.222441 -2.033316 0.447266
695 6.936174 -9.889040 -0.515288
696 0.314620 -1.165201 0.617790
697 -3.714649 -5.792361 0.029408
698 3.946650 -1.505401 0.661362
699 6.420862 -1.991506 0.219880
700 -9.294367 -4.937934 0.160790
701 -3.984452 -5.238597 0.181676
702 -3.825128 -7.869330 1.035347
703 -0.890378 -7.168576 0.661332
704 7.033649 -3.185122 0.850991
705 2.099750 3.251646 0.429924
706 -5.728591 5.149969 0.025079
707 -10.628771 -3.030980 1.855703
708 2.536478 -8.251226 0.672379
709 -6.209518 -5.139086 1.448748
710 3.336662 -1.363676 0.433108
711 -4.603952 -1.562176 1.387415
714 -11.450272 -9.909487 1.955083
716 -4.981099 -2.024931 0.022520
718 2.752527 2.182064 0.583201
720 -3.969281 -0.452911 1.199627
721 -2.510104 -1.763131 1.314474
722 7.224759 -7.744125 0.569835
723 0.494029 -5.322783 1.930820
724 2.322858 1.854520 0.013506
725 0.137920 -5.833880 1.412218
726 -1.443359 1.905568 0.321300
727 -1.359156 1.452409 0.721487
728 -4.605590 0.128623 0.281046
729 -4.893453 -7.458245 1.081519
730 -7.508333 4.004367 0.031447
731 2.814408 -0.690029 -0.074487
732 3.965865 -4.554678 0.271076
734 6.654282 -5.690665 1.218551
735 -4.623612 -6.598053 0.417213
736 -5.260507 -0.522577 0.176363
737 -3.819708 1.056734 0.857260
738 5.377495 -0.328687 0.315031
739 -3.708761 -6.594602 0.172648
740 4.709775 -0.389700 0.061418
741 5.960576 -0.834010 0.309066
742 1.156781 -7.856691 0.480949
743 6.821638 -5.380331 0.945459
744 4.444254 -5.663692 0.478858
746 2.661873 -5.855015 1.214068
747 7.018406 -7.236834 0.486476
749 -4.211819 -2.954748 0.470382
750 4.551786 0.051933 0.164994
751 -2.686725 0.192463 0.059320
752 -0.790548 -4.616412 0.420537
753 0.459069 0.288246 1.419300
754 6.922287 -2.436123 0.711898
755 6.081865 -1.339547 0.623268
756 -2.244612 -2.969742 0.050514
757 -5.375754 4.845223 0.902049
759 -8.085807 -4.804025 0.560459
761 -3.160045 -3.412815 1.002768
763 6.896261 -6.257491 0.558685
764 2.158685 -5.286729 1.450249
765 6.256216 -4.703042 0.640018
766 3.914705 -0.117002 0.123092
767 -3.216400 -5.941141 0.775359
768 -3.264046 -3.072705 0.033360
769 4.977042 -0.867288 0.534344
770 -3.355679 -2.069315 1.257837
771 -4.717917 -2.064690 1.440629
772 3.799986 -0.408785 0.181516
773 -7.028998 -5.354901 1.249948
774 9.902850 -0.062823 -2.907457
775 -2.679367 -3.690714 0.365658
776 2.633610 -7.683711 1.720894
777 0.125626 -0.539889 1.929557
778 1.567400 -0.023629 0.700482
779 4.458607 0.321198 0.149529
781 -3.228881 12.184493 0.023422
783 5.236793 -8.554651 0.109172
784 -2.964464 -3.092742 0.417253
785 -4.306914 -6.079242 1.183523
787 -12.954705 -5.920161 1.333715
788 -11.394514 -3.006032 2.105203
789 -7.134127 -4.450772 0.364322
790 6.656089 -2.172627 0.620251
791 7.034617 -3.761413 0.096610
792 4.432309 -5.608209 1.141721
795 0.474861 -0.472731 0.597420
796 -8.397238 -1.587986 1.162015
797 -7.157049 -0.417059 0.529308
798 0.784210 -0.763166 1.008456
799 -3.064833 2.284234 0.927970
800 -1.145639 -8.580012 1.629765
801 -2.862380 2.167040 0.867805
802 3.542905 -7.192840 1.001434
803 -0.487157 -7.065409 0.472189
804 3.423590 0.729234 0.226932
805 3.036308 1.339454 0.336195
806 -0.312171 1.643357 1.269537
807 0.827296 1.877284 0.021031
809 -6.209731 -5.791119 1.109594
810 4.271537 0.586487 0.565237
811 -4.012398 -4.133039 0.336927
812 6.439830 -3.546011 0.421078
813 -7.193931 -5.839366 0.138291
814 2.238289 -1.244925 -0.022691
816 2.351543 -0.898007 1.531541
817 -5.903428 5.413804 1.735655
818 3.872660 0.916659 0.333503
819 1.865647 -6.963414 0.981764
820 0.100250 -2.547226 0.838645
821 -2.937226 -0.206197 0.792274
822 2.236571 -2.419197 0.636741
824 3.760659 0.497868 0.316593
825 -2.547787 -8.423782 0.244553
826 -3.193290 -4.524438 1.261173
827 -3.469570 11.075364 1.468933
830 -3.489925 -6.786327 1.541543
832 1.943875 -0.080493 -0.001862
833 -1.314906 2.802987 0.606319
834 -0.501885 -6.107565 1.629849
835 -7.344203 -2.524780 0.388751
836 -8.313554 7.211800 0.988939
837 -4.227259 -2.805425 0.518711
838 3.381045 0.793681 1.161371
839 -11.468553 -5.301260 1.760508
840 6.110410 -1.702180 0.291489
841 -4.369346 -5.689002 0.943841
842 0.477770 -0.565626 1.349802
843 7.097864 -6.942446 0.313808
844 0.645302 0.901088 1.675843
845 -5.610964 -2.826327 0.319857
846 6.411339 -1.461235 0.162003
847 3.219751 1.533995 0.083769
848 -2.881448 7.651036 1.030540
849 -3.407866 -0.533909 0.586034
850 -8.140971 -9.740840 1.998247
851 -10.312740 -2.488847 2.106541
852 -8.202621 -4.974587 0.501006
853 -3.497379 -3.261383 1.128422
854 1.796895 -16.407740 -3.244580
855 -0.497849 2.047589 0.158474
856 2.568395 -5.942567 1.495842
857 -1.602816 2.300679 0.468330
858 7.043069 -6.166251 0.374383
859 -1.696277 2.257750 1.126791
861 5.963973 -3.025973 0.055044
862 -1.649599 -2.626871 1.265577
863 -0.510775 -0.995228 0.879019
864 -3.432933 -1.459214 1.547816
866 1.921948 -1.693024 -0.192423
867 3.665721 1.209323 0.571142
868 2.318464 0.184715 0.323263
869 2.154191 3.132555 0.375339
870 -7.406416 15.641443 0.288257
871 0.224478 -8.356860 0.494861
872 -10.251033 -2.310999 1.338446
873 2.424560 1.435488 0.369026
874 -4.002962 0.853111 1.051058
875 3.982534 -0.191407 0.042985
877 -0.237531 0.449352 1.674809
878 -1.819748 8.589157 1.769287
879 1.521301 1.823137 0.078670
880 -1.259357 -6.210784 1.403279
881 -0.116133 0.760870 0.852626
882 0.234225 1.725445 0.729933
883 2.853188 -1.110261 0.651130
884 -0.257316 1.173929 0.308367
885 -1.517457 -5.078158 0.338608
886 3.542489 -2.187073 1.541985
887 3.064569 1.107045 0.699297
888 -0.702266 -4.109426 0.358090
889 -2.722124 -1.832979 1.653992
890 5.455657 -0.358500 0.063239
891 -4.800015 -4.753784 0.991760
892 -7.099062 -4.962769 0.368878
893 4.325303 -0.165874 1.117449
895 -2.617945 -1.920596 0.738334
896 -5.202737 -5.275196 0.361228
898 0.310698 7.521881 1.180591
899 3.818599 0.508231 0.067107
900 -5.555726 4.468519 1.311522
903 -6.173869 -0.899205 0.602109
904 2.967240 -3.552279 0.860774
905 6.138688 -5.043111 0.961350
906 2.325699 1.811220 0.928558
907 7.502222 -5.626019 0.894778
908 1.465740 -18.279913 -1.042276
909 -0.466103 -0.202061 1.848521
910 -6.036315 6.713995 0.988590
911 2.174669 1.754994 0.535746
912 3.546566 1.361285 0.429052
913 7.190315 -6.991810 0.984726
916 -3.618963 -3.319075 0.352815
917 -2.784019 0.322500 0.747252
918 -2.946730 -6.648662 1.586540
919 2.474496 -3.947371 0.235426
920 -4.762193 -4.046064 1.315836
921 3.422571 1.415850 0.337533
922 -4.556884 -4.642332 0.787182
923 -4.372794 -7.512570 0.655384
924 -9.934933 -3.735307 0.951152
925 -2.605659 12.526308 0.595874
926 0.213745 -5.201023 1.451185
927 3.800329 1.023021 0.129806
928 0.939569 0.940515 0.809350
929 2.916925 0.732483 0.458199
930 0.394436 1.517628 0.958422
931 -11.790566 -11.593413 2.779621
932 1.371579 -4.868585 1.334495
935 -6.069378 5.275626 1.821071
936 4.897279 -3.818347 0.237264
937 -0.213066 -1.799470 2.128426
938 -0.453083 1.901335 0.049921
939 -4.272559 -6.544148 0.225307
940 3.411115 0.716751 0.366289
941 -4.650124 -5.761778 0.616237
942 -1.681113 -5.026888 0.567670
943 0.506571 -0.282208 0.358741
944 3.537511 -7.658664 0.179453
945 -0.857283 0.418444 1.086421
947 -3.858255 1.628845 0.750741
948 0.207323 7.288034 1.352715
950 5.226885 -6.773879 0.093878
952 3.609539 0.833780 0.168619
953 -4.879463 -2.484393 0.769924
954 -0.626842 2.797089 0.556492
955 -2.599490 -5.885094 0.454425
957 -14.903275 -9.406993 0.221157
958 -5.739508 -0.454172 1.127689
959 -1.456141 -0.198585 1.691296
962 1.665078 -5.081996 1.744112
963 -2.165492 -0.787749 0.927468
964 2.645175 0.217141 0.516268
966 -0.488239 -1.800744 1.715143
967 -4.445595 10.357847 0.797120
968 -0.226873 1.940121 0.809872
969 0.952938 2.314786 0.844847
970 7.027646 -2.866708 0.001587
971 -11.910774 -1.861545 1.783661
972 2.564106 -0.156443 0.510969
973 0.966490 1.890015 0.345642
974 -4.549579 -1.948676 1.161853
975 -2.532217 -0.369576 0.111455
977 -4.126825 -7.560566 0.727267
978 -0.243070 -5.130477 1.371734
979 -1.367951 0.292331 0.472478
980 1.205855 1.824571 1.289535
981 -2.818997 2.285871 0.324052
982 -9.639433 -4.902183 1.778978
984 -5.595249 -6.873281 1.199745
985 -1.079247 9.630779 2.074831
986 -0.654191 -7.834010 0.372760
987 -7.127793 0.364978 0.202506
988 -4.411541 -7.405237 0.873211
989 -3.889036 -5.788954 0.086050
990 2.118433 1.072488 0.025314
991 -4.386480 17.821635 2.446476
992 -7.210272 -0.002009 0.091357
994 -2.563186 10.792695 2.509204
995 5.940488 -2.285783 1.179845
997 6.405670 -1.429359 0.707451
998 0.981234 1.966857 0.053731
999 -4.103270 -4.289831 1.189532
1000 -4.713199 -7.264572 0.926195
