1 6.081989 -1.791971 0.941844
3 -5.044810 -5.785641 1.019827
4 4.406202 0.438518 0.787555
6 0.471322 -1.567928 1.162139
7 2.266701 -2.165631 0.755160
8 0.830068 3.275154 1.305684
10 -1.939248 -5.772963 1.523937
11 -3.721201 -4.412077 0.270113
12 0.246995 -5.729309 0.936029
13 -7.046756 -4.444658 0.119605
15 1.027937 -0.268326 0.722772
16 2.615843 3.156678 0.730165
17 6.815945 -6.965176 0.459296
18 2.217271 0.658443 1.661614
19 -1.579636 -8.820899 0.536307
21 5.034865 1.066822 0.222564
22 1.003914 3.016105 0.685903
24 0.671147 -3.454265 1.647686
25 -0.322210 -3.542410 1.298827
26 -5.397336 -5.466592 0.328750
27 1.781786 -4.314970 1.346352
28 -3.445137 1.784006 0.585526
29 -4.213273 -2.883861 0.704050
31 -3.628876 2.032295 0.843707
32 -0.093038 1.909275 0.490549
33 -7.789275 -6.333109 1.439784
35 -5.123990 -1.681366 0.590338
36 4.334360 -4.228056 0.557706
37 1.453085 2.768769 0.059759
38 1.442637 2.618189 0.169855
39 2.590066 -3.127796 1.496048
40 0.489241 2.999101 1.075960
43 3.206451 0.516573 1.035236
44 -1.869978 -4.324016 0.343481
45 2.018319 1.930773 0.869547
46 4.832249 -2.743124 0.127278
47 7.192806 -4.243151 0.819854
48 7.188993 -4.875563 0.303613
49 0.969740 -4.592751 1.872353
50 4.456001 1.751460 1.178067
51 5.067233 1.141838 0.449629
54 1.957299 3.117515 0.457164
55 4.665138 -3.444907 1.105648
56 7.348462 -7.146510 1.199202
57 4.255219 -4.962638 0.860325
58 2.223865 -0.526237 0.822866
59 -3.755197 2.373588 0.082334
60 4.166140 -2.420735 0.488681
61 -5.570145 -0.361189 1.423727
62 3.005879 2.652916 0.874683
63 5.708596 -6.989509 0.810364
64 -1.375358 2.375344 0.532719
65 2.615551 0.744117 0.592911
66 -1.591621 -8.790132 0.519017
67 0.225074 -5.757156 1.606896
69 -0.136323 2.011575 0.007592
70 4.516288 -5.631422 0.591803
71 -4.694935 0.111120 0.852324
72 4.450384 3.011854 1.056256
73 -1.336097 -1.674133 0.623853
74 -3.875851 1.304969 1.205833
75 -3.898846 -6.527165 0.885283
76 4.493717 1.761758 0.443810
78 1.680263 2.635311 0.089179
79 0.196885 -0.647591 0.667422
80 4.760693 1.643140 0.556003
81 -3.331106 -1.681452 0.144519
82 -1.777292 -5.480755 1.033640
83 4.416082 2.032618 1.016027
85 3.771767 -2.289698 1.310705
86 7.112550 -6.456663 0.646612
88 5.603701 0.555005 0.100585
89 -2.540673 1.751257 0.050751
90 2.099010 2.737217 0.075928
91 -4.680253 -1.881046 0.848538
92 6.322693 -4.624004 0.273037
93 -1.081309 -0.112033 0.744085
94 -3.490970 1.912824 0.715908
95 7.181423 -1.283270 0.867030
99 -4.181462 -7.695532 0.450736
100 6.613371 -2.962407 1.641911
102 -3.438195 3.193477 0.963079
103 1.116794 -6.868588 1.604096
104 0.508240 2.652797 0.191555
106 -3.844915 1.661552 0.695394
107 2.117963 2.683117 0.047351
108 2.610217 -8.427923 1.110664
110 0.202968 0.297282 0.210463
111 1.087455 1.374770 1.203764
112 -0.964075 1.242371 0.142701
113 6.992353 -0.799335 0.057409
114 1.646720 2.137505 0.482557
115 -7.505013 -2.955661 2.040902
116 3.999024 1.013817 1.144865
117 1.401104 -3.134069 0.196466
118 -4.049117 -8.182764 0.348249
119 3.064848 -5.245701 0.972938
120 1.958293 -1.666309 0.524413
121 3.964307 1.531404 0.889292
122 -1.984425 -7.185743 1.232743
123 -4.553847 -7.063522 0.567486
124 0.416217 -0.185333 2.098570
127 -4.825997 -6.773100 0.571152
129 -2.046359 -7.078864 1.409337
130 -3.572311 -2.977817 1.579733
131 2.487104 3.268471 0.686299
132 -5.433257 -1.160981 1.386104
133 1.185330 2.081189 0.724894
135 3.042850 2.493013 0.837399
136 2.274148 1.018579 0.103405
137 2.196423 0.756703 0.116139
138 4.499897 -7.413614 0.730781
139 2.090818 -3.602752 0.150485
140 -4.137576 -6.346980 1.272219
141 3.627172 2.162227 0.681467
142 5.087272 -7.147966 1.556854
144 0.242045 -8.703649 1.600535
147 -1.209964 -2.820857 1.616564
149 1.380101 2.429631 1.568166
152 7.452353 -6.562718 0.897096
153 4.582041 -4.924803 1.773540
155 -1.685919 -8.190733 0.701261
156 -3.533920 -4.320581 0.209598
157 0.228089 2.071556 0.822565
158 2.157905 2.893378 0.025319
159 1.931100 2.826471 1.109273
160 0.691562 1.481566 0.608490
162 2.772674 2.653373 0.744876
163 6.573900 0.070078 0.976980
164 -1.323684 -7.927570 1.735165
165 6.956564 -7.030304 0.027154
166 0.396392 0.991095 0.878336
167 -1.764337 0.815421 0.669413
168 -5.308952 -5.381588 0.572865
170 1.827588 1.450130 0.677028
171 3.584945 2.132232 0.041324
175 5.073296 -2.471187 0.943168
176 -0.426137 1.368075 1.223918
177 0.080746 1.635775 0.553303
178 6.945625 -1.822564 0.908783
180 2.245795 0.742528 0.507827
182 -3.710117 5.339587 1.104269
183 3.165588 -6.446157 0.179207
184 -4.241175 -6.512343 1.204283
185 0.932683 -1.081913 0.646519
186 5.914016 -0.430431 1.375438
187 -1.520568 2.049812 1.307702
188 1.943844 -7.238462 1.759824
189 7.257358 -5.278260 1.298944
190 -3.997612 6.554207 0.366778
195 6.173768 -3.991832 1.655523
196 -3.169161 -3.611368 1.556630
197 6.371035 -4.141313 1.005925
198 -3.968555 -3.360990 1.083837
199 2.633954 -1.333773 0.065921
201 0.481350 -0.530696 1.262486
203 2.479919 0.708600 1.345517
204 -4.886599 -7.375737 0.331395
205 5.756520 -6.730540 0.314824
207 4.795622 -1.348614 1.664546
208 6.549131 -3.388267 0.065002
209 -5.263977 5.533494 0.904880
210 -3.375273 3.143471 0.095616
213 7.641586 -3.650559 0.362710
214 6.841812 -0.107265 0.897587
216 7.866727 -3.483294 1.259655
217 -0.723174 -0.037559 0.908630
218 6.067224 -2.051909 1.572744
219 -4.227275 -0.760346 0.119319
221 1.361266 -7.178582 0.998365
222 7.358925 -4.469692 0.003135
223 3.178638 0.087628 0.008844
224 -5.269023 -6.704981 1.374094
225 6.041926 -3.049536 0.925974
226 6.542149 -7.344089 0.919107
227 -1.307698 4.852494 1.747053
228 -2.598346 -6.056914 0.180937
233 2.885065 0.416216 0.004338
234 -1.415392 1.868756 0.106025
235 -0.242210 -4.526665 1.828838
237 0.484138 -7.447842 0.920341
238 6.511681 -3.352293 0.836162
241 0.401760 2.520610 1.116653
243 -0.030774 -3.544695 1.963702
245 4.705165 1.596849 0.517722
246 -0.603489 0.319956 0.871513
247 4.244721 -7.295884 0.504398
248 -4.326970 -6.064257 0.839831
252 -0.786710 1.216675 0.152562
253 5.353799 -5.208262 1.092782
254 -2.855665 -8.405216 0.360662
256 5.542571 -0.072117 0.227316
257 3.878836 -6.401406 0.451053
258 6.413481 -6.047212 0.140752
260 3.864526 -1.252305 0.625467
262 4.909909 -5.435779 0.826009
263 -0.585759 -0.049316 1.204340
264 -5.369646 -5.016333 0.631521
266 7.175415 -6.259989 0.235329
271 4.621444 -0.092606 0.070172
274 5.405530 -6.158595 1.694886
277 4.805871 1.278230 0.005473
278 0.031315 -2.467353 1.609504
279 -3.576984 -8.029803 0.976956
280 7.203908 -1.010654 0.897594
281 2.810141 0.386423 0.130317
285 -7.473617 -4.055365 0.871758
286 -2.339358 3.264421 1.118293
287 3.296381 -1.559141 1.169832
288 5.464107 -7.913441 1.026617
289 -3.328557 -7.321614 0.921124
290 7.340703 -1.873521 1.214102
291 3.672183 -0.307930 0.883933
292 -4.937873 -6.424842 0.605563
293 -2.317571 -4.549763 0.507244
295 -2.268893 -6.059505 1.126171
297 1.771296 -0.304037 1.616193
300 2.644720 -6.261467 1.019536
302 0.880393 -0.185159 0.537704
303 -4.245381 0.622622 0.795506
304 -0.339271 1.567396 0.470169
305 1.415452 3.526547 1.503822
306 7.777340 -4.458466 1.076973
307 -4.395635 -3.552565 1.266922
308 -3.610739 2.520096 0.260157
309 -4.594753 -3.306940 0.795618
310 -2.203539 -2.535506 0.687270
311 2.108283 3.064408 0.710393
314 2.435166 0.027105 1.762336
315 6.547101 -7.442716 1.119680
316 2.544054 2.387628 0.364268
317 4.094284 -0.990664 1.155492
318 6.982560 -2.138532 0.044607
319 -1.283364 -8.184701 1.705364
320 2.533902 -0.200954 1.129365
321 1.147749 3.142616 0.106901
322 -4.184450 5.138215 1.537757
323 -2.871908 3.015503 0.946437
324 0.568158 -6.104148 0.928367
326 3.564254 1.537786 0.405125
327 -0.574960 -4.578978 1.342236
328 3.190200 -2.746497 0.546395
330 7.822228 -4.127975 1.139590
331 -5.947115 -3.115145 0.183550
332 -2.889462 0.002692 0.374959
335 -1.357337 -1.486106 0.653369
337 5.274034 -7.583622 0.151919
340 -4.088517 -5.167366 1.387741
341 5.094588 1.331797 1.215447
342 5.507001 0.750920 0.259494
344 3.026215 2.425263 0.162602
346 -1.969951 -7.359331 0.915369
347 -1.621002 3.103690 1.220141
348 6.614365 -4.684263 0.775256
349 6.491288 -0.691915 0.556539
351 -2.856774 -2.266787 1.468938
352 -5.389351 -6.559191 1.601886
353 -0.878779 0.318435 0.543316
354 3.145832 1.297846 0.829359
355 7.053300 -3.529635 0.050388
356 -4.122920 -7.749444 0.330365
357 -2.883178 -6.349806 1.022871
358 4.304634 2.415438 0.052766
359 -5.425541 -2.206365 1.346887
360 0.095615 -2.520547 2.096563
365 0.338858 -0.876302 0.621667
366 7.064874 -6.219689 0.841697
368 1.288577 1.577043 1.708364
369 7.755215 -5.270232 0.000285
370 -3.105660 -3.499601 0.158374
373 6.760258 -1.880581 0.324344
374 5.594311 -3.311745 0.054357
375 3.834793 -5.803890 0.922985
379 -5.107783 -7.086573 1.092744
380 4.752181 3.961863 0.991914
382 -4.598027 -8.168076 0.854780
383 0.859821 -3.378738 0.829274
388 -0.215962 1.234634 0.885086
390 -6.280875 -2.207105 1.120474
391 4.664240 1.557142 0.088026
395 6.563376 -4.733999 1.115466
397 3.728340 1.828277 1.178086
398 -4.051177 -0.059039 0.962026
399 1.860542 -0.490204 0.264888
402 5.021804 1.339530 0.294902
403 -0.471423 2.439144 0.177264
404 5.460461 -1.514915 0.351172
405 -3.689649 6.822853 1.633370
406 -1.800936 3.147142 1.272673
407 -3.967738 5.074470 0.944976
408 5.938763 0.685972 0.233895
410 -2.812435 -4.159360 0.855256
412 2.346019 3.382855 0.104399
414 -4.634635 -5.380123 0.503750
415 4.092768 -7.621600 1.673135
416 -3.860177 -5.581601 1.194364
417 -6.202252 -5.586292 0.117862
418 7.447861 -3.264567 0.845896
419 5.718519 0.418097 0.154486
421 -6.919406 -4.875859 0.790292
422 7.219460 -3.694141 0.587360
423 -1.882670 -4.453792 0.739060
426 0.729390 -0.643817 0.000932
428 6.394078 0.051367 1.003529
429 -3.757115 1.578023 1.132379
430 3.225177 -6.069392 0.988525
432 -5.090432 -6.724171 0.590363
434 -6.863894 -4.710274 1.150321
435 -5.756553 -5.403899 0.996380
438 5.936146 -8.088804 0.283580
442 -3.911708 1.458024 0.779986
443 6.218118 -1.814992 0.101466
445 4.190334 -5.522340 1.379428
446 2.800741 0.188590 0.086983
447 4.066875 -4.466325 1.581051
448 4.173105 1.414475 0.433402
449 2.548556 0.269091 0.421924
450 2.509690 3.062500 0.826574
451 0.559859 2.664914 0.582134
452 7.563378 -4.732714 1.475550
453 3.750705 -5.019233 1.209816
455 0.901435 3.174167 1.400569
456 -3.636596 -5.543159 0.715917
457 5.050244 0.913852 0.862319
460 -2.781478 -5.415986 0.520610
461 -4.276723 0.600699 0.657397
464 2.684195 -1.608036 1.913970
466 -4.109116 -5.958834 0.440383
467 -2.549893 -8.668979 0.992205
468 -7.754363 0.601543 0.540832
469 3.721653 -4.997086 1.395346
470 1.998182 -0.255564 1.350810
471 0.123881 -2.639165 0.043487
472 -3.030813 -8.598164 0.913578
473 -0.922969 -0.900206 0.843812
475 -5.915450 -1.458384 0.244186
476 0.279743 -2.312984 0.305238
479 -3.650497 6.324909 0.842435
480 -4.076535 -5.785629 0.772160
482 4.930416 -6.034349 0.340342
483 5.044869 -5.405834 0.546987
485 2.233239 -4.903046 1.024207
487 -4.225961 1.337331 0.349877
488 2.451717 3.281521 0.666229
489 -7.034777 0.634231 1.799172
492 -0.155326 1.364845 0.725885
493 0.203922 -3.189345 1.730545
494 0.119589 -7.123578 0.275280
495 -3.474730 1.382457 1.012403
496 -0.102745 2.293525 1.448445
497 -3.982175 1.735445 0.089706
498 -2.414368 -4.182335 0.754814
499 5.659505 -6.163522 0.641782
500 -1.361481 2.648231 0.607300
501 5.945577 -7.171569 0.691623
502 -6.530014 -2.575436 1.591588
504 -2.645281 -0.600579 0.730503
507 0.072764 2.359221 0.641281
509 0.742832 -3.217759 1.480871
510 5.277154 -3.763273 0.663753
511 7.282714 -5.782029 0.628856
512 -4.915947 -5.829074 1.644590
513 5.359043 0.814735 1.143873
515 -1.529934 0.507411 0.976325
517 2.206025 2.857336 0.216610
518 2.016876 3.160571 0.527406
519 6.171618 -2.854005 1.252811
520 1.396703 0.481536 1.694586
521 -2.567794 8.307800 1.918630
522 3.860883 2.930142 0.623999
523 -4.539993 -6.030236 1.321949
525 -2.939929 2.084463 0.185366
526 0.794524 -7.709654 0.049719
528 -3.830402 1.502513 0.058514
529 -5.159428 -6.602313 1.696234
530 -0.087283 -1.880081 1.014725
532 7.392036 -4.994251 0.697541
533 2.619294 -1.739207 0.928880
534 4.711397 -0.550100 1.175425
538 7.560804 -4.471120 0.860319
540 -2.868864 2.775287 1.409683
541 4.690832 -6.454576 1.246297
542 -1.104181 0.544324 0.131756
544 -3.637894 -0.763772 0.439976
545 -1.769435 3.146428 0.538233
546 -5.331104 -2.527865 0.915595
547 -1.981887 -5.817357 0.911419
548 -1.905546 -7.604599 1.350350
549 6.246498 -6.357072 1.236919
550 4.710319 3.656482 0.059023
551 6.764864 -0.397669 0.375172
552 -3.989591 -6.253255 0.234509
553 -4.455283 0.266602 1.248673
556 -2.985792 -0.389274 0.146344
557 4.652504 -0.012038 0.153393
560 -3.648212 -1.932260 0.632857
561 1.064769 -4.726430 0.836290
563 6.948088 -6.868947 1.422442
564 -4.396360 1.032139 0.579986
565 5.560465 0.813375 0.493604
566 1.280409 -5.153998 0.028039
567 2.633752 -6.027295 0.062933
568 7.147500 -6.350959 0.699071
569 0.042997 -1.013179 0.588811
571 -7.240517 -5.413108 0.353147
572 4.917409 -2.987324 1.714097
574 2.035178 0.302491 1.274259
575 -5.558068 -3.210196 1.181144
576 -5.081965 -5.286969 1.291372
578 -3.001611 -1.168938 0.163819
579 0.201564 2.377034 0.602077
580 4.846238 3.319459 0.559324
582 2.988798 2.383726 0.005842
583 6.421900 -0.655057 0.942676
585 2.314360 -7.220380 0.656500
587 4.375507 2.878374 0.471514
588 -4.316835 1.007995 0.857091
589 3.972694 -0.195921 0.135979
590 -8.002598 1.121328 1.469685
592 0.726433 2.649502 0.804407
594 -5.161934 -5.901421 1.006345
597 -0.968408 2.278840 0.537470
598 0.048959 -3.720255 1.616939
600 -0.383193 2.837462 0.518375
601 -4.385594 -2.237122 0.682820
603 1.912820 -7.314221 1.367017
604 2.298751 2.867778 0.845243
605 7.036088 -2.114795 0.110236
606 5.156442 1.301341 0.286374
607 -7.011516 -9.497558 0.170228
608 -1.585637 0.159808 0.044335
609 6.832032 -1.127815 0.487079
611 -1.361426 0.548569 1.600632
613 7.387474 -1.576888 0.994379
614 -3.659296 1.971830 1.186590
615 -5.253451 5.236389 1.078457
616 1.190219 -8.065237 1.328531
618 0.204447 0.509470 1.576173
619 7.256928 -6.464095 1.258499
620 6.493909 -0.516433 1.017390
621 3.456548 -5.956271 1.847205
622 7.065316 -0.547446 0.938730
623 -0.339976 3.005572 1.529335
624 -3.970963 -0.103943 1.079666
625 6.809539 -0.833763 0.334564
627 -4.619770 -5.771803 1.578586
628 1.837113 2.423710 0.740399
629 2.015849 3.190362 0.266844
630 3.566409 -1.660764 1.164577
631 4.526563 1.738158 0.236785
632 -2.626384 1.543261 0.117700
633 5.814811 -0.083580 0.038546
635 -5.866475 -5.374924 1.051739
636 -4.629554 -4.601053 0.016299
638 7.332737 -5.081915 1.505597
639 1.116659 -5.464096 0.777230
640 2.315632 -3.360615 0.377329
643 -3.067654 -4.131723 1.714635
645 -0.347665 1.238515 1.257913
647 4.357616 -0.405579 0.269935
649 -4.367603 -2.669289 0.397010
651 -4.524450 0.241758 0.273600
652 1.300510 -4.415399 1.631828
656 1.719526 2.027663 0.284072
658 -4.139364 -5.017651 0.522378
659 1.358926 2.476668 0.286486
660 1.092218 -8.038457 0.679038
662 0.515663 -0.171594 1.297676
663 -3.630814 2.239738 0.477485
665 2.590239 -2.398041 0.581975
666 1.868203 -5.902334 0.641768
668 1.575448 0.919073 0.941517
669 4.761413 1.742048 0.942305
670 0.193569 2.566936 0.046383
672 7.380448 -6.330516 1.105189
674 4.604116 -6.263080 0.046037
677 -1.824440 -5.237171 0.123444
680 -3.815733 -2.309981 0.534870
681 -6.164157 -0.765682 0.245539
682 3.794537 -0.569039 0.592244
684 -3.843929 1.881145 0.991868
686 6.904066 -7.180454 0.894085
687 -2.452770 -7.587369 1.066441
689 -2.848842 -7.984167 0.054994
690 -3.364383 1.491590 1.476716
692 -0.960338 0.091357 0.853087
693 6.602360 -6.134031 1.257070
696 0.418426 -1.161564 0.614517
697 -3.916675 -5.859826 0.045844
698 4.049829 -1.542739 0.730014
699 7.018340 -2.260325 0.336228
702 -3.936449 -8.249099 1.171748
703 -0.848971 -7.194508 0.676738
704 7.638356 -3.611202 1.199763
705 2.088523 3.219086 0.452068
706 -5.708665 5.149756 0.025031
707 -7.788136 -3.442406 1.234702
708 2.592456 -8.220232 0.673121
709 -6.210337 -5.085910 1.437802
710 3.383914 -1.326417 0.464270
711 -4.509619 -1.493104 1.366260
716 -4.848731 -1.917892 0.022265
718 2.903040 2.500928 0.653747
720 -3.938024 -0.435787 1.191762
721 -2.639568 -1.676991 1.385488
722 7.346741 -7.771787 0.584191
723 0.482607 -5.327129 1.931478
724 2.322856 1.854529 0.013506
725 0.185255 -5.820584 1.394072
726 -1.976494 2.204196 0.490610
727 -1.581236 1.450135 0.800004
728 -4.619087 0.161293 0.278649
729 -5.164439 -7.645517 1.222807
732 3.778489 -4.650902 0.285780
734 6.864922 -6.147146 1.455797
735 -4.509141 -6.408215 0.419993
736 -5.325347 -0.469071 0.180474
737 -3.956721 1.054871 0.936829
738 6.463737 -0.096391 0.559216
739 -3.852480 -6.913824 0.203942
740 5.432119 0.042973 0.147800
741 7.000406 -0.736507 0.558215
742 1.334554 -7.803231 0.488244
743 7.109321 -5.889959 1.192554
744 4.321336 -5.788669 0.487372
746 2.670040 -5.874553 1.219554
747 7.118968 -7.251010 0.505236
749 -4.303749 -2.942764 0.495886
750 5.955771 0.853701 0.404774
751 -2.782367 0.175122 0.060616
752 -0.483011 -4.636255 0.389755
753 0.423071 0.176440 1.400538
754 7.531199 -2.724037 1.011522
755 6.994354 -1.568206 1.004874
756 -2.239983 -2.986953 0.053919
759 -7.209173 -4.637408 0.485248
761 -3.422986 -3.434059 1.131404
763 6.989495 -6.293115 0.600385
764 2.133881 -5.285469 1.473091
765 6.415869 -5.077917 0.760925
766 5.410782 1.045185 0.545917
767 -3.222329 -6.010807 0.817605
768 -3.568492 -3.046395 0.039346
769 5.528313 -1.029411 0.768069
770 -3.544601 -2.006017 1.361020
771 -4.619950 -1.968634 1.427242
772 3.981204 -0.479491 0.243657
775 -2.671479 -3.696447 0.365499
776 2.712192 -7.634185 1.719058
777 0.148303 -0.534824 1.926621
778 1.498631 0.086410 0.753963
779 5.249685 0.741450 0.239421
783 5.019451 -8.495805 0.104982
784 -3.059760 -3.108462 0.447891
785 -4.473719 -6.274468 1.319866
787 -8.205584 -4.647474 0.769317
790 7.382695 -2.558075 0.929011
791 7.338288 -4.094381 0.122289
792 4.379436 -5.709794 1.171390
795 0.679734 -0.577611 0.566159
798 0.946269 -0.885194 0.969653
799 -3.643071 2.505763 1.248626
800 -1.086076 -8.668913 1.687035
801 -3.216843 2.289723 1.093829
802 3.522609 -7.203763 1.005415
803 -0.458099 -7.078400 0.479804
804 4.621059 2.063603 0.600445
805 3.400633 1.871462 0.452276
806 -0.561337 1.713557 1.384893
807 0.583830 2.457791 0.030341
809 -6.016287 -5.664363 1.057733
810 5.077760 1.115677 0.903698
811 -4.317873 -4.213116 0.393435
812 6.738896 -3.944619 0.540673
813 -7.529640 -5.845623 0.149359
816 2.311937 -0.682235 1.659293
818 4.764014 1.692447 0.575971
819 1.940495 -6.935758 0.985820
820 0.166393 -2.598067 0.819613
821 -2.987056 -0.215616 0.802743
822 2.243922 -2.450422 0.638999
824 4.836699 1.587256 0.769892
825 -2.535937 -8.642769 0.262204
826 -3.195820 -4.536776 1.280139
830 -3.530440 -6.956177 1.648163
832 2.102747 0.449530 0.004353
833 -1.737197 3.301819 0.925720
834 -0.480479 -6.103371 1.625465
837 -4.251188 -2.791940 0.532738
838 3.704437 1.162042 1.488435
839 -7.848772 -4.325492 1.112554
840 6.865984 -2.013618 0.469499
841 -4.866409 -6.055674 1.194245
842 0.577698 -0.595589 1.315685
843 7.253001 -6.964918 0.330072
844 0.590592 0.804332 1.647979
845 -6.006825 -2.820162 0.361961
846 6.416068 -1.420834 0.189832
847 3.562199 1.990813 0.106201
848 -2.723717 7.327353 0.989968
849 -3.387531 -0.540774 0.582714
851 -7.162183 -3.112472 1.292294
852 -7.246685 -4.639045 0.433508
853 -3.926460 -3.274797 1.332527
855 -1.081402 2.754729 0.276807
856 2.577147 -5.957744 1.496187
857 -2.403813 2.932845 0.787794
858 7.111496 -6.196537 0.398104
859 -2.252134 2.623109 1.583276
861 6.185317 -3.376162 0.076908
862 -1.622233 -2.644354 1.252957
863 -0.495551 -1.073001 0.861089
864 -3.487857 -1.424925 1.582606
867 4.453228 1.980482 0.913611
868 2.280119 0.573955 0.420808
869 2.136208 3.081172 0.382981
871 0.407978 -8.421476 0.525520
872 -7.658255 -2.802292 0.934642
873 2.405780 1.521652 0.354668
874 -4.084098 0.844575 1.108451
875 5.220066 0.746188 0.189920
877 -0.260082 0.438687 1.725449
879 1.318524 2.598863 0.116751
880 -1.237647 -6.205480 1.401450
881 -0.131427 0.677229 0.879651
882 -0.061122 1.990175 0.861194
883 2.872663 -1.022911 0.701197
884 -0.324784 1.070352 0.344659
885 -1.242356 -5.062383 0.318843
886 3.613195 -2.114234 1.624177
887 3.379314 1.597989 0.944139
888 -0.592043 -4.141158 0.347117
889 -2.880063 -1.747439 1.757886
890 6.333419 -0.031253 0.116559
891 -5.402279 -4.930140 1.228826
892 -6.955802 -4.917174 0.362520
893 4.734179 -0.060360 1.428439
895 -2.665054 -1.891522 0.761954
896 -5.350778 -5.355538 0.395133
899 4.223361 0.845615 0.091234
900 -5.791808 4.667715 1.387998
904 2.995114 -3.564271 0.862808
905 6.247022 -5.361099 1.083422
906 2.477446 2.446710 1.237235
907 7.534111 -5.725643 0.975244
909 -0.518652 -0.112764 1.926722
911 2.200820 2.385803 0.713645
912 4.325298 2.162567 0.678560
913 7.344006 -7.007357 1.029774
916 -3.887162 -3.329019 0.402117
917 -2.902498 0.315127 0.767802
918 -2.948813 -6.756973 1.658911
919 2.515923 -3.939376 0.234608
920 -5.529145 -4.139218 1.661696
921 3.791662 1.907306 0.437070
922 -5.147134 -4.815131 0.991187
923 -4.476866 -7.673775 0.742954
924 -7.171828 -3.789532 0.631014
926 0.274771 -5.189595 1.426347
927 4.468682 1.639125 0.196780
928 0.764497 1.202224 0.901088
929 3.138523 1.185782 0.630197
930 0.176537 1.722044 1.062735
932 1.386990 -4.862565 1.339272
936 4.898576 -3.966069 0.244330
937 -0.135440 -1.868609 2.087066
938 -1.046757 2.381790 0.080054
939 -4.074501 -6.381400 0.256507
940 3.779857 1.106474 0.497567
941 -4.966241 -5.995749 0.724268
942 -1.555638 -5.023824 0.555228
943 0.681263 -0.456423 0.344824
944 3.499918 -7.588890 0.173883
945 -0.926568 0.436746 1.129707
947 -3.794632 1.616004 0.806224
950 5.215282 -6.783277 0.094577
952 4.558983 1.739516 0.329894
953 -4.794542 -2.393319 0.768923
954 -0.445864 2.693313 0.722933
955 -2.568161 -5.916972 0.467839
958 -5.771338 -0.448274 1.152460
959 -1.533887 -0.099894 1.757165
962 1.652854 -5.074986 1.771484
963 -2.139144 -0.806374 0.935389
964 2.688697 0.539175 0.655817
966 -0.438234 -1.871539 1.679368
968 -0.654492 2.116975 0.944128
969 0.835335 3.039881 1.212905
970 7.432917 -3.135022 0.002120
972 2.557128 0.080339 0.602785
973 1.200107 1.932594 0.574866
974 -4.500709 -1.894308 1.159930
975 -2.563765 -0.401694 0.111330
977 -4.274780 -7.902448 0.830918
978 -0.183636 -5.127815 1.355246
979 -1.426439 0.288445 0.487034
980 0.949528 2.343687 1.569141
981 -3.472396 2.575435 0.462108
982 -7.860418 -4.664257 1.357054
984 -5.681460 -6.776277 1.305746
986 -0.536854 -7.861447 0.392782
987 -7.936511 0.978936 0.233741
988 -4.456743 -7.462212 0.937028
989 -4.049436 -5.817073 0.131687
990 2.109098 1.478913 0.033216
992 -6.268231 -0.648032 0.075146
995 6.332115 -2.590824 1.459429
997 7.382732 -1.624836 1.162302
998 0.802438 2.611314 0.080435
999 -4.593771 -4.420138 1.432365
1000 -4.843816 -7.371900 1.014156
