1 6.251372 -1.733872 0.979029
2 0.247638 0.821171 -0.120709
3 -8.115771 -7.600722 2.295639
4 4.582258 0.415440 0.801060
6 0.451575 -1.650440 1.139921
7 2.273294 -2.149956 0.761093
8 0.753013 3.522595 1.377684
10 -1.978705 -5.763444 1.529427
11 -3.639570 -4.366183 0.260298
12 0.188288 -5.753905 0.958637
13 -7.465797 -5.165951 0.124729
15 1.040082 -0.183766 0.730091
16 4.179312 5.353568 1.309691
17 7.365372 -8.580462 0.689365
18 2.205538 0.799519 1.713404
19 -1.578481 -8.890758 0.545673
20 -7.258204 -2.097246 0.539326
21 5.220879 1.321758 0.244720
22 0.827020 3.481903 0.773549
24 0.815227 -3.506539 1.593332
25 -0.307749 -3.531700 1.290235
26 -8.610891 -7.092591 0.648018
27 1.854379 -4.315520 1.326067
28 -3.203445 1.776709 0.472904
29 -5.002692 -2.853607 0.876004
31 -5.056932 2.423970 1.186298
32 -0.251718 2.212040 0.510507
33 -9.060158 -7.521597 1.661990
34 -17.281782 -4.754182 2.230899
35 -5.614873 -1.473486 0.667344
36 4.408272 -4.213667 0.548246
37 1.261575 3.419883 0.072110
38 1.087746 4.543017 0.272941
39 2.628059 -3.130832 1.496624
40 -0.421924 5.370478 1.850760
43 3.222377 0.530533 1.041855
44 -1.801393 -4.332763 0.339412
45 2.042176 1.885493 0.852222
46 4.956462 -2.581616 0.119227
47 7.268612 -4.235735 0.830047
48 7.470791 -4.944597 0.338272
49 1.105652 -4.599433 1.815710
50 4.984646 2.150596 1.410377
51 5.603933 1.411715 0.540834
52 -7.460488 -5.705879 0.979035
54 2.006453 3.996190 0.589458
55 4.697343 -3.467346 1.107461
56 7.992266 -8.224967 1.614333
57 4.292121 -4.951809 0.856120
58 2.234767 -0.423570 0.844726
59 -6.466479 3.279975 0.141703
60 4.222923 -2.404065 0.497640
61 -7.123280 0.694586 1.929337
62 5.311109 5.854468 2.031657
63 5.791883 -7.096713 0.847870
64 -2.242114 2.974098 0.693107
65 2.565892 0.925985 0.610210
66 -1.592314 -8.854057 0.527410
67 0.222131 -5.764159 1.615958
69 -0.174679 2.354665 0.007883
70 4.581828 -5.652037 0.612635
71 -5.069097 -0.499155 0.805000
72 4.774564 3.475502 1.203546
73 -1.522662 -1.487163 0.662310
74 -4.392444 1.149446 1.344075
75 -3.932750 -6.561898 0.894861
76 4.819099 1.982400 0.496239
77 -3.154344 7.435958 1.773221
78 1.533328 4.729963 0.151701
79 0.136915 -0.603210 0.673500
80 5.254675 1.990888 0.664522
81 -3.500328 -1.649429 0.155532
82 -1.742727 -5.465311 1.020609
83 4.707064 2.276978 1.126302
85 3.817502 -2.279428 1.350994
86 8.234084 -8.347135 1.100401
88 5.873844 0.570667 0.107203
89 -2.361736 1.841696 0.045825
90 2.206284 3.897439 0.107681
91 -4.978797 -1.817016 0.917142
92 6.414480 -4.664903 0.276005
93 -1.204720 0.050873 0.780755
94 -4.553795 2.105519 0.928177
95 7.558205 -1.406255 0.943751
97 4.940981 1.445682 0.270715
99 -4.872543 -9.062420 0.641247
100 6.733787 -3.019134 1.690748
101 -7.411743 4.896154 1.596036
102 -5.357860 4.617890 1.552032
103 1.105969 -6.890360 1.622462
104 -0.541870 6.588683 0.459038
105 -13.299308 -10.738704 1.369424
106 -4.562669 1.780769 0.807591
107 2.392685 4.526952 0.080639
108 2.894573 -8.612969 1.216086
110 0.267467 0.239994 0.207383
111 0.985206 1.615911 1.266734
112 -1.136151 1.572257 0.145959
113 7.972654 -0.826961 0.075516
114 1.636282 2.175765 0.488125
115 -11.506887 -2.352686 3.395066
116 4.229085 1.076265 1.224455
117 1.444809 -3.139931 0.195359
118 -4.670158 -9.754681 0.497158
119 3.119031 -5.267197 0.963855
120 2.002918 -1.697015 0.517637
121 4.515935 1.822770 1.063045
122 -2.004129 -7.203780 1.242578
123 -6.724093 -9.948066 1.254655
124 0.269260 -0.316402 2.045116
127 -7.139091 -8.963624 1.136530
129 -2.008990 -7.069180 1.402797
130 -3.685222 -3.040932 1.647115
131 2.738153 3.549453 0.756116
132 -6.479814 -0.635915 1.737100
133 1.178799 2.074163 0.716533
135 3.793949 3.495700 1.200318
136 4.494208 4.435125 0.539062
137 3.946142 3.383133 0.654158
138 4.463605 -7.762730 0.791736
139 2.131469 -3.600411 0.149511
140 -4.193572 -6.391342 1.297397
141 4.647886 3.127981 0.996945
142 5.059485 -7.395151 1.653026
144 0.239223 -8.736865 1.620952
147 -1.204758 -2.808631 1.612151
148 -12.557408 -9.989419 1.797945
149 1.350157 2.497976 1.599474
152 10.208326 -9.299987 1.937631
153 4.599491 -4.940612 1.785496
155 -1.857777 -8.329842 0.727163
156 -3.433743 -4.271671 0.197368
157 0.097611 2.388748 0.866072
158 2.303585 3.361236 0.029261
159 1.949485 3.251384 1.269765
160 0.589945 1.693463 0.630915
161 -4.091602 6.081316 1.198627
162 4.591549 5.281240 1.577017
163 6.618009 0.051352 0.976943
164 -1.482799 -8.067120 1.807407
165 7.661875 -8.460075 0.040161
166 0.482882 1.119072 0.875918
167 -1.854015 1.026670 0.709948
168 -6.987522 -6.136711 0.855708
169 -13.811009 -14.605071 0.549451
170 1.719116 1.685309 0.705810
171 4.346763 2.707037 0.053899
174 -3.536618 11.756172 2.550968
175 5.117215 -2.454904 0.937249
176 -0.303052 1.325307 1.220458
177 -0.013549 1.879493 0.576817
178 7.307798 -1.746794 0.989872
180 2.180547 1.005285 0.529770
181 1.337607 9.587330 1.840454
182 -4.567924 6.387886 1.368383
183 3.076035 -6.552433 0.182776
184 -4.278233 -6.557950 1.222894
185 0.947267 -1.102845 0.639680
186 5.894216 -0.481683 1.329663
187 -1.797179 2.672424 1.507582
188 1.745287 -7.462401 1.860249
189 7.319668 -5.220172 1.308316
190 -4.046991 6.808828 0.384112
191 1.135993 3.047936 0.058015
192 2.505641 12.991562 0.801871
194 4.850414 -4.802466 -1.012068
195 6.255619 -4.035108 1.697580
196 -3.218184 -3.609557 1.580396
197 6.488984 -4.192649 1.029328
198 -4.013644 -3.448527 1.101942
199 2.717167 -1.342255 0.066267
200 -22.701483 -4.181666 2.920851
201 0.408915 -0.571612 1.263606
203 2.453421 1.012295 1.441609
204 -6.719780 -9.321110 0.585269
205 5.846921 -6.893106 0.333393
206 -4.127859 16.834512 2.030551
207 4.820223 -1.350685 1.669619
208 6.692968 -3.550686 0.067270
209 -5.823881 6.057906 1.019457
210 -5.574452 4.771754 0.165328
213 8.925987 -4.661144 0.557926
214 7.495842 0.028801 1.080041
216 8.428595 -3.790787 1.497573
217 -0.853746 0.146991 0.957375
218 6.220091 -2.053487 1.641452
219 -4.548695 -0.691328 0.129739
220 11.204437 -12.802598 -0.097507
221 1.204995 -7.322108 1.042764
222 7.640134 -4.382024 0.003373
223 3.989034 0.847367 0.026326
224 -6.556907 -7.822506 2.018678
225 6.094435 -3.103695 0.927063
226 6.949554 -8.183255 1.178455
227 -1.587214 5.085696 1.830251
228 -2.618839 -6.090343 0.181825
230 -2.556719 9.828087 1.501894
232 -10.900798 -5.022802 0.456785
233 6.016985 3.971249 0.034279
234 -1.775680 2.220043 0.118145
235 -0.109421 -4.542213 1.773158
236 -5.589880 -0.975349 0.173184
237 0.386645 -7.549372 0.954816
238 6.609053 -3.439905 0.847234
240 2.341783 -23.084599 -3.104768
241 0.289073 2.744754 1.175439
243 0.061265 -3.562071 1.927091
245 5.231217 1.982694 0.628532
246 -0.711254 0.511652 0.913013
247 4.249498 -7.543595 0.538224
248 -4.422640 -6.165264 0.872419
251 -9.741074 -6.853086 0.003764
252 -0.878644 1.482949 0.144866
253 5.387116 -5.214754 1.091192
254 -2.850783 -8.503671 0.369210
256 8.042366 0.734932 0.531711
257 3.870007 -6.509913 0.475428
258 6.615118 -6.325763 0.152510
259 -1.001874 -4.068638 -0.047816
260 3.914428 -1.290406 0.613449
262 4.962453 -5.433234 0.844835
263 -0.729844 0.167174 1.273539
264 -8.404306 -6.074046 1.180916
266 8.484194 -7.987198 0.407170
267 -13.859235 0.881362 2.120120
271 7.436452 1.489506 0.256297
274 5.425818 -6.179209 1.720362
276 -2.613410 10.893980 2.752038
277 4.967788 1.382453 0.005766
278 -0.106224 -2.353379 1.682276
279 -3.620896 -8.077093 0.992465
280 8.320657 -1.148832 1.200615
281 2.748330 0.554570 0.123734
282 -5.602351 3.621061 0.311176
285 -12.619334 -4.291542 1.643723
286 -4.599750 5.637675 2.141988
287 3.337437 -1.505883 1.203866
288 5.715286 -8.132739 1.126262
289 -3.384095 -7.365513 0.934221
290 7.693288 -1.724415 1.310496
291 3.700865 -0.302814 0.879805
292 -5.986599 -7.379191 0.840650
293 -2.324075 -4.551568 0.507949
295 -2.264268 -6.059854 1.125934
296 -5.743803 -0.461449 0.809819
297 1.730013 -0.083031 1.705823
298 4.302780 0.689576 0.253936
300 2.595089 -6.319868 1.035023
301 4.728069 0.405179 0.298995
302 0.876484 -0.055077 0.546989
303 -4.674097 0.584696 0.829708
304 -0.260517 1.603257 0.481715
305 1.266257 3.981523 1.676938
306 7.888254 -4.635545 1.140106
307 -4.518451 -3.586937 1.312222
308 -5.882723 3.464201 0.432616
309 -5.277136 -3.331980 0.951757
310 -2.226040 -2.518112 0.687381
311 1.980277 1.555974 0.329314
314 2.437654 0.095783 1.797866
315 6.938751 -8.229706 1.409848
316 2.636019 2.708104 0.410568
317 4.125294 -1.052597 1.145232
318 9.373033 -2.569315 0.088154
319 -1.453189 -8.339544 1.778014
320 2.541901 -0.112546 1.158577
321 1.092682 5.945645 0.185253
322 -4.726036 5.739899 1.756064
323 -5.246174 4.967570 1.779998
324 0.495444 -6.126500 0.946821
325 1.112432 2.650525 0.248810
326 3.871509 1.775148 0.462486
327 -0.467826 -4.588641 1.306476
328 3.242704 -2.691417 0.559032
330 8.068498 -4.371586 1.253481
331 -7.571168 -2.959779 0.249129
332 -2.919698 -0.055080 0.377153
333 -5.957021 5.997352 0.803148
335 -1.524685 -1.289901 0.700780
337 5.491670 -7.501507 0.152517
340 -4.077466 -5.154810 1.384065
341 5.174858 1.409017 1.229302
342 5.907724 1.182533 0.311977
344 3.740714 3.442234 0.234572
345 -4.066118 5.527269 0.155983
346 -2.014357 -7.388679 0.926291
347 -2.148887 3.345503 1.355266
348 6.744375 -4.732105 0.796793
349 6.444170 -0.749716 0.535599
351 -2.804809 -2.286129 1.437319
352 -5.671962 -6.780576 1.737127
353 -0.974593 0.486536 0.570313
354 3.170493 1.220678 0.792448
355 6.903596 -3.333618 0.044824
356 -4.876169 -9.349938 0.487345
357 -2.928780 -6.395911 1.039969
358 5.159643 3.452125 0.074174
359 -5.984714 -1.968232 1.541622
360 0.003025 -2.451848 2.157502
365 0.289322 -0.798886 0.632618
366 7.693593 -7.180042 1.158325
368 1.182542 1.881745 1.810792
369 8.465689 -5.717535 0.000358
370 -3.254663 -3.519843 0.165344
372 -13.132048 -10.540281 1.782365
373 7.615980 -2.019285 0.412815
374 5.881061 -3.069641 0.045438
375 3.830841 -5.835685 0.931799
376 -7.572597 -1.636937 1.074359
378 -3.786763 13.051920 0.486668
379 -7.062350 -9.008639 1.903381
380 5.533022 4.904430 1.240406
381 -4.472117 4.444580 0.304164
382 -5.197237 -9.001812 1.074642
383 0.957168 -3.417376 0.808808
384 4.197928 0.849954 0.225548
385 -17.518785 -5.230248 0.889939
386 -10.305459 -6.991637 1.995666
388 -0.022589 1.076319 0.850648
389 -6.128768 -0.320223 0.848427
390 -7.040394 -1.939711 1.315858
391 5.295473 2.017536 0.111378
394 -0.872222 9.457098 0.600879
395 6.687693 -4.809679 1.150603
396 4.182141 0.188726 0.019068
397 4.062385 2.059626 1.329736
398 -4.784627 -0.245773 1.124759
399 1.879909 -0.398622 0.268238
400 -5.518377 3.772951 0.199699
401 -15.715714 -1.652448 1.203879
402 5.207976 1.377648 0.306210
403 -2.224065 5.919191 0.433995
404 5.594722 -1.342948 0.354719
405 -4.716161 8.603991 2.133280
406 -2.662936 3.900050 1.613656
407 -4.232581 5.420406 1.021231
408 6.449651 1.174804 0.287060
410 -2.804057 -4.137275 0.850192
412 2.125351 1.250034 0.038790
414 -5.004356 -5.639947 0.567319
415 4.000228 -7.979140 1.800729
416 -3.890895 -5.590964 1.203951
417 -8.383733 -6.692867 0.177770
418 7.622984 -3.370332 0.888179
419 5.563229 0.402949 0.143834
420 -11.920154 -11.744038 2.070966
421 -11.478383 -6.061455 1.520947
422 7.247267 -3.769433 0.589633
423 -1.837711 -4.459008 0.730757
426 0.768212 -0.653737 0.000930
427 6.585327 3.531466 0.760559
428 6.967720 0.018808 1.161154
429 -4.507138 1.756014 1.307732
430 3.180340 -6.121841 1.003473
432 -6.413484 -7.980287 0.877155
433 -8.116925 -6.081930 0.555640
434 -12.720218 -5.981990 2.463902
435 -7.021936 -5.870555 1.328157
436 -2.606732 13.519412 0.614830
438 7.116244 -7.835891 0.314715
439 -2.078747 14.605814 2.239806
440 1.645695 -18.400064 -2.072216
441 1.821348 10.204427 2.202396
442 -4.533980 1.507285 0.883619
443 6.632377 -1.881313 0.114394
444 -11.825734 -10.688491 2.740787
445 4.220454 -5.526563 1.390504
446 5.498354 3.207565 0.915441
447 4.098597 -4.498744 1.573654
448 4.698322 1.640887 0.531105
449 2.525378 0.488720 0.434626
450 3.485552 5.528141 1.533072
451 -0.166522 5.760264 1.183281
452 7.712883 -4.737370 1.533381
453 3.760541 -5.040869 1.206139
454 -6.215769 7.883004 0.132931
455 0.807369 3.341675 1.455861
456 -3.662590 -5.553143 0.721012
457 5.122233 0.955281 0.868716
459 -0.028726 9.042275 1.178514
460 -2.834556 -5.452074 0.531100
461 -4.686344 0.570895 0.683124
463 -11.702143 -9.901258 1.529286
464 2.718053 -1.540828 1.947891
465 -1.153796 9.071302 0.159350
466 -7.777266 -8.807310 1.333519
467 -2.538144 -8.701696 0.999905
468 -7.244828 0.186692 0.490582
469 3.729170 -5.027324 1.390872
470 2.002116 -0.136715 1.387594
471 -0.060438 -2.532422 0.045379
472 -3.039293 -8.722915 0.938838
473 -1.220928 -0.536599 0.916808
475 -5.876940 -1.467693 0.242126
476 0.150414 -2.241550 0.313156
477 -17.723283 -2.382177 3.132645
478 -1.860895 5.205624 1.162120
479 -4.195203 7.213398 0.974478
480 -4.131593 -5.849444 0.792470
481 -5.694234 5.099285 0.394406
482 5.004591 -6.165368 0.363529
483 5.118377 -5.401203 0.561120
484 -7.431868 -5.555851 0.747876
485 2.281905 -4.894418 1.013412
487 -4.225961 1.337331 0.349877
488 2.514790 1.900294 0.404210
489 -4.004429 -1.313641 0.878040
492 -0.023292 1.346222 0.707793
493 0.253296 -3.210547 1.709940
494 0.041083 -7.184974 0.284280
495 -3.591747 1.403854 1.034730
496 -0.085015 2.622428 1.534390
497 -3.982175 1.735445 0.089706
498 -2.473629 -4.160384 0.764277
499 5.718927 -6.291920 0.672923
500 -2.109484 3.255645 0.757339
501 6.148374 -7.676910 0.801206
502 -11.918315 -1.610180 3.217370
504 -2.786672 -0.463364 0.776975
506 -0.989823 10.296435 1.487375
507 -0.067391 2.635700 0.677014
508 -11.885559 -6.056289 1.826217
509 0.862711 -3.270089 1.436988
510 5.326707 -3.752744 0.656983
511 8.427870 -6.980601 0.991306
512 -5.077460 -5.937377 1.721985
513 5.473426 0.876485 1.171228
515 -1.651096 0.709633 1.021492
517 3.545663 5.276589 0.439346
518 2.234255 4.674733 0.776943
519 6.262400 -2.904709 1.273545
520 1.387675 0.561521 1.719084
521 -2.923788 9.115645 2.116805
522 5.261157 4.650062 1.000198
523 -4.620145 -6.104054 1.361629
524 -15.648678 -1.014234 3.937953
525 -2.411877 1.914061 0.117401
526 0.761412 -7.771969 0.050426
527 4.956373 0.767818 0.436973
528 -3.240044 1.345019 0.044979
529 -5.320629 -6.747973 1.779857
530 -0.328510 -1.653395 1.087600
532 7.578403 -5.062387 0.747503
533 2.644928 -1.709330 0.936841
534 4.729709 -0.515162 1.175157
535 -6.270688 7.151637 0.963517
538 7.857084 -4.595075 0.946938
539 -25.734901 -4.425495 0.666864
540 -3.617983 3.202526 1.695668
541 4.716969 -6.592491 1.304498
542 -1.211704 0.754351 0.137451
544 -3.685063 -0.810290 0.445188
545 -2.947646 4.333477 0.775949
546 -6.595739 -2.375523 1.187647
547 -1.985447 -5.800511 0.909055
548 -1.921781 -7.631281 1.362198
549 6.382585 -6.589227 1.298310
550 5.058229 3.997911 0.064833
551 8.034982 -0.224379 0.537560
552 -7.448207 -9.399009 0.699682
553 -3.311711 -0.083254 1.041275
554 -15.975580 -0.309450 2.858336
556 -2.925655 -0.551612 0.141954
557 7.232890 1.329877 0.489562
560 -4.164670 -1.770618 0.755679
561 1.197507 -4.726739 0.812085
562 -5.069927 7.525664 0.447679
563 7.490749 -7.833859 1.890748
564 -4.396360 1.032139 0.579986
565 6.010869 1.114033 0.581887
566 1.313305 -5.146178 0.028208
567 2.429589 -6.125693 0.059680
568 8.223323 -8.121199 1.158694
569 -0.127055 -0.805113 0.618644
570 1.356652 10.538972 1.139619
571 -4.583792 -4.650822 0.183510
572 4.961849 -3.000045 1.722037
574 2.041829 0.435087 1.306356
575 -8.715019 -3.040693 2.011234
576 -5.134108 -5.307129 1.311919
577 -5.516956 -5.919422 0.377357
578 -2.920185 -1.294839 0.158433
579 -0.007306 2.909191 0.673568
580 4.924962 3.683054 0.599901
582 3.259014 2.904731 0.007064
583 6.312078 -0.725128 0.877231
585 2.127877 -7.475219 0.698501
586 -4.128639 15.978825 1.373263
587 5.384379 4.245177 0.687219
588 -4.316835 1.007995 0.857091
589 3.947433 -0.220529 0.119801
590 -7.479110 0.659551 1.334249
591 4.685182 0.382693 0.301526
592 0.710965 2.642176 0.800620
594 -8.204996 -7.931811 2.063190
595 -11.529509 -10.585278 1.602752
596 -11.004868 -3.342790 0.062172
597 -1.012636 2.231864 0.547991
598 0.160763 -3.743752 1.575454
600 -1.041312 3.796184 0.668498
601 -4.884989 -2.175692 0.783465
603 1.689799 -7.562154 1.452367
604 2.552317 3.851405 1.145234
605 9.802584 -2.341672 0.231978
606 5.466089 1.445670 0.314719
607 -7.791380 -10.419099 0.206375
608 -1.689465 0.315255 0.046954
609 7.350069 -1.420754 0.561752
610 -10.542950 -2.620409 0.814937
611 -1.490199 0.775714 1.688299
612 -19.376480 -4.050799 2.884863
613 8.135960 -1.510965 1.194516
614 -6.789891 2.773517 2.347790
615 -5.792641 5.706170 1.210218
616 0.921811 -8.412667 1.433844
617 -6.092194 7.815442 0.440442
618 0.408491 0.339017 1.503478
619 8.483833 -8.114534 2.059739
620 6.446671 -0.553359 0.977827
621 3.446279 -5.978946 1.862455
622 7.836555 -0.618239 1.140380
623 -0.744066 4.228945 2.005220
624 -4.258346 -0.188684 1.145072
625 7.880355 -1.005997 0.447941
627 -4.673044 -5.812753 1.608247
628 1.911585 5.550009 1.573314
629 1.902543 1.500582 0.104653
630 3.608406 -1.641873 1.185648
631 5.056430 2.180813 0.290665
632 -2.803588 1.755637 0.118613
633 5.730780 -0.109686 0.036739
635 -7.599507 -5.995130 1.508820
636 -3.982606 -4.334107 0.012638
638 7.503922 -5.066765 1.582941
639 1.144995 -5.462446 0.777982
640 2.355767 -3.360506 0.375349
641 1.462492 -19.227173 -1.170370
643 -3.100528 -4.107293 1.718119
645 -0.205561 1.163102 1.241891
647 4.378351 -0.423712 0.254882
649 -5.051525 -2.614147 0.479045
651 -0.397780 -0.607680 0.106911
652 1.392505 -4.416764 1.597533
653 -6.659630 -8.338853 0.045026
655 -8.706023 3.485587 0.038682
656 1.713188 2.076022 0.290712
658 -4.319171 -5.123245 0.557972
659 1.326720 2.573241 0.297902
660 1.002178 -8.208578 0.706212
662 0.630242 -0.168240 1.285898
663 -4.116587 2.414488 0.509304
664 20.319368 -22.768924 -1.541637
665 2.615594 -2.387198 0.584000
666 1.959078 -5.888893 0.631491
668 1.520445 1.096279 0.977223
669 4.925411 1.836805 0.985550
670 -1.370314 6.133163 0.110161
672 9.448594 -8.635164 2.188637
674 4.687933 -6.388912 0.049009
675 -2.490782 6.491117 0.134396
677 -1.760002 -5.227394 0.121164
678 -7.827238 6.849149 0.426313
679 -0.102404 9.706059 2.217106
680 -4.283565 -2.268679 0.623006
681 -6.126897 -0.779132 0.243650
682 3.895110 -0.575234 0.588795
684 -5.015229 2.199003 1.330898
686 7.446566 -8.428486 1.242998
687 -2.440225 -7.581950 1.063395
689 -2.837887 -8.034439 0.055593
690 -3.571051 1.626070 1.546818
692 -1.066485 0.246907 0.893039
693 6.673383 -6.258236 1.288846
694 -7.223687 -2.032902 0.447380
695 6.966079 -9.914687 -0.517211
696 0.387644 -1.056519 0.631463
697 -7.765346 -8.881101 0.150502
698 4.102477 -1.559741 0.727139
699 7.848874 -2.445081 0.433497
700 -9.294449 -4.937940 0.160792
701 -3.791871 -5.253242 0.158528
702 -4.029267 -8.489645 1.238592
703 -0.910709 -7.226001 0.689184
704 7.795721 -3.788808 1.258840
705 1.952771 1.700428 0.205193
706 -5.828676 5.232369 0.025617
707 -12.786929 -2.928327 2.242520
708 2.876011 -8.411636 0.742276
709 -7.411327 -5.482649 1.847603
710 3.438794 -1.244788 0.482063
711 -4.817448 -1.415851 1.487053
714 -11.469721 -9.920438 1.959651
716 -4.976515 -1.946348 0.023043
718 4.158171 4.192203 1.147724
720 -4.048116 -0.531184 1.217559
721 -2.718801 -1.650902 1.422869
722 7.984712 -8.846434 0.782497
723 0.663883 -5.309766 1.863105
724 2.322856 1.854529 0.013506
725 0.172213 -5.833783 1.408146
726 -3.016739 2.831215 0.657306
727 -1.817434 1.720042 0.850814
728 -5.187379 -0.277150 0.278310
729 -6.770998 -9.737615 2.108098
730 -7.508332 4.004367 0.031447
731 5.241675 1.604558 0.333874
732 3.970643 -4.519775 0.276451
734 6.927486 -6.153485 1.487720
735 -5.476192 -7.381890 0.597026
736 -7.032064 0.080842 0.239555
737 -4.379982 0.886910 1.017414
738 6.516369 -0.141795 0.558867
739 -3.971745 -7.094698 0.219671
740 8.584147 1.584294 0.406307
741 8.301150 -0.883001 0.778882
742 1.149471 -8.028754 0.517002
743 7.321471 -5.908023 1.275284
744 4.406767 -5.795470 0.504121
746 2.688168 -5.875563 1.219306
747 7.925199 -9.194071 0.799684
749 -5.076368 -2.912022 0.612932
750 6.253111 1.185803 0.455535
751 -2.701160 -0.072774 0.057237
752 -0.123666 -4.655442 0.352635
753 0.531372 0.235691 1.398167
754 8.593188 -2.862604 1.345750
755 7.235278 -1.531191 1.050635
756 -1.640721 -3.213163 0.044841
757 -5.756704 5.221735 0.995163
759 -7.624046 -4.754134 0.528909
761 -3.407025 -3.428626 1.123090
763 7.589628 -7.585761 0.870379
764 2.247971 -5.269903 1.428025
765 6.493075 -5.163019 0.774062
766 5.717957 1.398923 0.629042
767 -3.325686 -6.081889 0.843870
768 -3.597537 -3.134722 0.040377
769 5.677813 -0.917549 0.792525
770 -3.706594 -1.981636 1.445043
771 -5.681196 -1.689727 1.832799
772 3.984375 -0.450942 0.225913
773 -15.207442 -7.105687 3.232939
774 11.412118 0.514993 -3.244472
775 -2.741468 -3.687062 0.376217
776 2.547223 -7.960132 1.861949
777 0.025937 -0.443835 1.963334
778 1.506284 0.196446 0.766269
779 5.491152 0.850386 0.258562
781 -3.362262 12.630672 0.024399
783 5.364175 -8.569604 0.112752
784 -3.088470 -3.099066 0.453126
785 -4.511413 -6.317286 1.341012
787 -14.310523 -6.177044 1.474085
788 -11.470074 -2.989624 2.124947
789 -7.136117 -4.450853 0.364491
790 7.992195 -2.564008 1.094079
791 7.514618 -4.261690 0.133840
792 4.410662 -5.726556 1.189401
795 0.804976 -0.676797 0.550979
796 -14.312618 0.233770 2.263202
797 -7.158028 -0.416487 0.529409
798 1.021783 -0.964805 0.942513
799 -5.096814 3.117400 1.762360
800 -1.229125 -8.831681 1.751846
801 -4.585275 2.779393 1.558985
802 3.474627 -7.433742 1.075852
803 -0.453659 -7.078265 0.483036
804 5.299814 2.392104 0.729023
805 3.629293 2.176007 0.514818
806 -0.400493 1.707889 1.412281
807 0.367194 2.943066 0.034390
809 -7.802257 -6.472379 1.537400
810 5.269495 1.265673 0.963880
811 -4.945839 -4.395812 0.479576
812 6.853379 -4.040021 0.552149
813 -5.017083 -5.400263 0.083070
814 3.608204 0.190739 0.012118
816 2.332236 -0.594120 1.693491
817 -6.012580 5.506878 1.774917
818 4.942691 1.796191 0.606153
819 1.819240 -7.057056 1.021709
820 0.040012 -2.503364 0.852067
821 -2.964037 -0.313686 0.791705
822 2.267560 -2.451090 0.638963
824 5.162766 1.737839 0.844825
825 -2.519890 -8.745126 0.269267
826 -3.317349 -4.524379 1.311494
827 -1.719065 6.277711 0.741981
830 -3.637750 -7.047881 1.701109
832 6.022879 6.423517 0.092076
833 -3.730954 5.590682 1.692628
834 -0.535097 -6.138252 1.662832
835 -7.372177 -2.511068 0.391335
836 -8.313499 7.211751 0.988931
837 -4.866822 -2.760036 0.633693
838 3.800518 1.207366 1.535900
839 -14.019964 -5.681377 2.193141
840 7.552928 -2.159038 0.558058
841 -5.066598 -6.200300 1.266707
842 0.457308 -0.550490 1.341065
843 7.859900 -8.092952 0.450745
844 0.706851 0.931047 1.655997
845 -9.169325 -2.355696 0.603905
846 8.345176 -1.927242 0.375577
847 4.247201 2.598242 0.139582
848 -2.998722 7.864340 1.064263
849 -3.485084 -0.580632 0.601273
850 -11.242629 -12.396904 3.058573
851 -16.346300 -1.916047 3.486377
852 -7.175438 -4.814121 0.430298
853 -3.924741 -3.347851 1.336633
854 1.888322 -18.951645 -3.720484
855 -2.233287 3.895084 0.409155
856 2.599103 -5.959004 1.494811
857 -3.466059 3.684614 1.058901
858 8.077399 -7.658737 0.631655
859 -2.925273 3.260726 1.898443
861 6.265898 -3.416192 0.075035
862 -1.623105 -2.641179 1.255241
863 -0.788051 -0.729161 0.935308
864 -3.649519 -1.365173 1.685124
866 1.540168 -2.862175 -0.298112
867 4.744447 2.161727 0.990004
868 2.232566 0.801540 0.430996
869 2.309548 4.229695 0.517369
870 -7.407192 15.643048 0.288289
871 0.460826 -8.491879 0.537789
872 -13.468816 -1.946647 1.818582
873 5.641386 6.345522 1.708749
874 -4.500230 0.700406 1.202814
875 5.792554 1.090342 0.241236
877 -0.292653 0.604555 1.781741
878 -1.563409 8.102603 1.670469
879 1.285865 2.750455 0.124368
880 -1.279968 -6.223909 1.415237
881 -0.036405 0.661910 0.869746
882 -0.201795 2.303963 0.909978
883 2.900412 -0.952936 0.719227
884 -0.224315 1.065641 0.325558
885 -0.986793 -5.049057 0.299410
886 3.650284 -2.112291 1.656117
887 3.467962 1.610682 0.952784
888 0.295670 -4.295049 0.263426
889 -2.893169 -1.783387 1.777316
890 7.852139 0.242848 0.180320
891 -6.008825 -5.128247 1.417239
892 -5.549170 -4.808431 0.265751
893 4.782259 -0.065891 1.419874
895 -2.661463 -1.928619 0.761289
896 -6.864270 -6.075098 0.567667
898 1.763360 -3.554203 -0.805288
899 4.445378 0.935592 0.099496
900 -5.611486 4.507774 1.327554
903 -6.272280 -0.830743 0.617258
904 3.042065 -3.551662 0.863444
905 6.323211 -5.449813 1.103685
906 2.531307 2.742629 1.371146
907 8.985791 -7.101629 1.610621
908 1.468986 -18.493334 -1.053853
909 -0.715984 0.175559 2.051413
910 -6.373036 7.069331 1.056191
911 2.241817 2.602103 0.774788
912 4.768012 2.566870 0.794695
913 8.008152 -8.170075 1.411978
916 -4.370836 -3.372252 0.473059
917 -2.979949 0.287472 0.779652
918 -3.002648 -6.809976 1.694260
919 2.612590 -3.951745 0.225641
920 -5.966928 -4.216622 1.830192
921 4.742347 2.599452 0.605745
922 -5.719644 -5.128564 1.145341
923 -5.498187 -9.393917 1.176318
924 -9.578108 -3.631355 0.911925
925 -2.605815 12.526886 0.595905
926 0.324645 -5.194518 1.413464
927 4.823039 1.879546 0.221639
928 0.686276 1.355791 0.927950
929 3.180840 1.142311 0.614264
930 0.051534 1.984001 1.112204
931 -12.137755 -11.829186 2.892544
932 1.488418 -4.857879 1.309088
935 -6.230441 5.422091 1.884001
936 5.051270 -3.859187 0.238924
937 -0.364081 -1.662045 2.224636
938 -1.527908 2.848462 0.095165
939 -7.279216 -9.472469 0.718179
940 4.282070 1.285165 0.582657
941 -5.245509 -6.194818 0.789789
942 -1.472871 -5.012686 0.541624
943 0.844354 -0.614541 0.344258
944 3.612262 -7.794962 0.188540
945 -1.028177 0.621333 1.177799
947 -4.516765 1.724108 0.941078
948 2.273110 -6.298985 -1.541000
950 5.203145 -6.800328 0.093605
952 5.025013 2.126402 0.394577
953 -5.384698 -2.312151 0.888481
954 -1.784502 5.259180 1.361252
955 -2.580777 -5.943054 0.471860
957 -10.468828 -7.760783 0.132393
958 -5.757839 -0.392243 1.149358
959 -1.608045 -0.008902 1.803842
962 1.749881 -5.062513 1.731236
963 -2.240775 -0.681787 0.964720
964 2.654660 0.769648 0.674424
966 -0.749333 -1.583647 1.834569
967 -4.446008 10.358744 0.797199
968 -0.589197 2.410797 1.004614
969 0.548692 3.999599 1.514479
970 9.131273 -4.225437 0.003627
971 -18.444653 -0.983677 2.865353
972 2.553196 0.219436 0.618095
973 -0.205930 7.011404 1.751409
974 -5.342861 -1.673881 1.436525
975 -2.411001 -0.646513 0.102397
977 -4.673716 -8.677534 1.004159
978 -0.110763 -5.123313 1.329887
979 -1.530698 0.467406 0.509223
980 0.970273 2.273645 1.536906
981 -5.688705 3.622819 0.785904
982 -13.226104 -5.397673 2.534544
984 -7.742618 -8.518596 2.122959
985 -1.204285 10.297888 2.241362
986 -0.531558 -7.881110 0.395224
987 -7.418557 0.530913 0.212217
988 -4.952196 -8.323175 1.197986
989 -6.953670 -7.970963 0.339747
990 2.078260 1.616960 0.034993
991 -4.405984 17.891823 2.456864
992 -4.302449 -1.497293 0.047311
994 -2.614496 10.926641 2.543849
995 6.399451 -2.662281 1.473750
997 7.961371 -1.597453 1.336409
998 0.343409 3.808085 0.111302
999 -4.614570 -4.458647 1.445262
1000 -6.126624 -9.092687 1.665096
